top8=[]
top8probs=[]
top8.push([254, 43, 255, 235, 18, 29, 34, 226, ]);
top8probs.push([5.742268, 5.730980, 5.669278, 5.633825, 5.610096, 5.555638, 5.522317, 5.474054, ]);
top8.push([254, 43, 255, 235, 18, 29, 34, 226, ]);
top8probs.push([5.743216, 5.734902, 5.671170, 5.639245, 5.617269, 5.563647, 5.529934, 5.476299, ]);
top8.push([169, 100, 198, 33, 7, 175, 206, 160, ]);
top8probs.push([5.363579, 5.280445, 5.279420, 5.277481, 5.276753, 5.264609, 5.260624, 5.248163, ]);
top8.push([97, 226, 201, 128, 116, 88, 223, 232, ]);
top8probs.push([5.526759, 5.471636, 5.444201, 5.411756, 5.315174, 5.281612, 5.269924, 5.247382, ]);
top8.push([54, 126, 197, 68, 210, 43, 36, 96, ]);
top8probs.push([5.367406, 5.323397, 5.244587, 5.210536, 5.200860, 5.193865, 5.190515, 5.185850, ]);
top8.push([49, 79, 64, 11, 252, 18, 29, 228, ]);
top8probs.push([5.312584, 5.299779, 5.296509, 5.295043, 5.287679, 5.287206, 5.275233, 5.273636, ]);
top8.push([77, 94, 44, 54, 39, 56, 2, 26, ]);
top8probs.push([5.328278, 5.264215, 5.262865, 5.243617, 5.236145, 5.234444, 5.233353, 5.217391, ]);
top8.push([27, 208, 183, 12, 82, 30, 33, 204, ]);
top8probs.push([5.562258, 5.312385, 5.281703, 5.270097, 5.243989, 5.240969, 5.240034, 5.237129, ]);
top8.push([0, 101, 253, 1, 31, 255, 9, 245, ]);
top8probs.push([5.431711, 5.284844, 5.276476, 5.270984, 5.229336, 5.223116, 5.219964, 5.218882, ]);
top8.push([135, 127, 224, 23, 53, 98, 156, 250, ]);
top8probs.push([5.449863, 5.345317, 5.315662, 5.292212, 5.289557, 5.270736, 5.267494, 5.263573, ]);
top8.push([186, 100, 114, 92, 234, 211, 3, 93, ]);
top8probs.push([5.274711, 5.258928, 5.255358, 5.254365, 5.209599, 5.209366, 5.201956, 5.195461, ]);
top8.push([91, 196, 67, 92, 80, 39, 98, 147, ]);
top8probs.push([5.443599, 5.343230, 5.296964, 5.277385, 5.268084, 5.248315, 5.247902, 5.232745, ]);
top8.push([235, 35, 103, 179, 17, 171, 153, 233, ]);
top8probs.push([5.354203, 5.315609, 5.310703, 5.305242, 5.301589, 5.298333, 5.297884, 5.297234, ]);
top8.push([247, 215, 6, 20, 218, 91, 219, 204, ]);
top8probs.push([5.476386, 5.259962, 5.255820, 5.251830, 5.226705, 5.206471, 5.205709, 5.203883, ]);
top8.push([236, 131, 61, 53, 165, 216, 237, 241, ]);
top8probs.push([5.392123, 5.356661, 5.341444, 5.326842, 5.324945, 5.309544, 5.299439, 5.291816, ]);
top8.push([11, 235, 179, 35, 239, 140, 38, 81, ]);
top8probs.push([5.308517, 5.306782, 5.302401, 5.295991, 5.293318, 5.292699, 5.292626, 5.286175, ]);
top8.push([215, 137, 6, 206, 102, 80, 149, 20, ]);
top8probs.push([5.335778, 5.324140, 5.315568, 5.270293, 5.266911, 5.251059, 5.248857, 5.248015, ]);
top8.push([117, 99, 101, 102, 46, 217, 218, 48, ]);
top8probs.push([5.216396, 5.169179, 5.165043, 5.160498, 5.143956, 5.129720, 5.126755, 5.126627, ]);
top8.push([169, 217, 147, 42, 188, 142, 230, 107, ]);
top8probs.push([5.435103, 5.340156, 5.336699, 5.283110, 5.281362, 5.280090, 5.278010, 5.276246, ]);
top8.push([181, 48, 55, 252, 159, 249, 220, 242, ]);
top8probs.push([5.388492, 5.317461, 5.269769, 5.254660, 5.253742, 5.253164, 5.250711, 5.248928, ]);
top8.push([151, 169, 146, 158, 26, 212, 226, 81, ]);
top8probs.push([5.201672, 5.196589, 5.148585, 5.147777, 5.138013, 5.136129, 5.130435, 5.130039, ]);
top8.push([55, 173, 171, 189, 151, 117, 79, 208, ]);
top8probs.push([5.630516, 5.459339, 5.329830, 5.291003, 5.289989, 5.267685, 5.262390, 5.256446, ]);
top8.push([49, 18, 11, 126, 64, 179, 79, 239, ]);
top8probs.push([5.336983, 5.305267, 5.299879, 5.299265, 5.296737, 5.276851, 5.276444, 5.274997, ]);
top8.push([226, 169, 212, 26, 121, 60, 138, 126, ]);
top8probs.push([5.247887, 5.240695, 5.228530, 5.220693, 5.200296, 5.197614, 5.196120, 5.195360, ]);
top8.push([55, 189, 171, 208, 173, 67, 5, 151, ]);
top8probs.push([5.625115, 5.375414, 5.325777, 5.288173, 5.286642, 5.286561, 5.283289, 5.283075, ]);
top8.push([0, 122, 49, 157, 239, 65, 187, 179, ]);
top8probs.push([5.317837, 5.316391, 5.312096, 5.304888, 5.293311, 5.292049, 5.291263, 5.288166, ]);
top8.push([169, 226, 212, 26, 138, 60, 137, 230, ]);
top8probs.push([5.251259, 5.249210, 5.228371, 5.221908, 5.210220, 5.209331, 5.205252, 5.203297, ]);
top8.push([55, 171, 46, 175, 208, 246, 177, 45, ]);
top8probs.push([5.575948, 5.294109, 5.258119, 5.243276, 5.241028, 5.237433, 5.235681, 5.235421, ]);
top8.push([56, 156, 143, 57, 111, 212, 122, 152, ]);
top8probs.push([5.494034, 5.310218, 5.295015, 5.287560, 5.284141, 5.281921, 5.278083, 5.277409, ]);
top8.push([200, 84, 9, 92, 70, 39, 2, 95, ]);
top8probs.push([5.497762, 5.405694, 5.378107, 5.349575, 5.310427, 5.289227, 5.285695, 5.284015, ]);
top8.push([82, 142, 55, 198, 104, 107, 149, 32, ]);
top8probs.push([5.313863, 5.300012, 5.278838, 5.271809, 5.268252, 5.263826, 5.260131, 5.252679, ]);
top8.push([174, 181, 205, 124, 55, 134, 252, 249, ]);
top8probs.push([5.311195, 5.297101, 5.289536, 5.274474, 5.271472, 5.270186, 5.246490, 5.246188, ]);
top8.push([249, 48, 163, 54, 144, 9, 70, 28, ]);
top8probs.push([5.340020, 5.277216, 5.269256, 5.268780, 5.265696, 5.263119, 5.256495, 5.249041, ]);
top8.push([112, 121, 229, 238, 237, 221, 7, 143, ]);
top8probs.push([5.607158, 5.211287, 5.201039, 5.176602, 5.153602, 5.149860, 5.142838, 5.141493, ]);
top8.push([7, 115, 179, 49, 34, 122, 64, 138, ]);
top8probs.push([5.310793, 5.295551, 5.291719, 5.288937, 5.285711, 5.285564, 5.284997, 5.283330, ]);
top8.push([69, 86, 2, 77, 94, 91, 35, 209, ]);
top8probs.push([5.463423, 5.460554, 5.354888, 5.343390, 5.307855, 5.270527, 5.267405, 5.240793, ]);
top8.push([36, 51, 31, 182, 33, 26, 98, 4, ]);
top8probs.push([5.254135, 5.240580, 5.227752, 5.226876, 5.220719, 5.218961, 5.216917, 5.216038, ]);
top8.push([27, 208, 183, 90, 30, 238, 250, 249, ]);
top8probs.push([5.542201, 5.451128, 5.297183, 5.269305, 5.243155, 5.240913, 5.231341, 5.225718, ]);
top8.push([9, 92, 0, 159, 95, 183, 85, 255, ]);
top8probs.push([5.375905, 5.363700, 5.309049, 5.228286, 5.203468, 5.199582, 5.194324, 5.190082, ]);
top8.push([124, 26, 107, 22, 2, 169, 86, 220, ]);
top8probs.push([5.362251, 5.350432, 5.309771, 5.287288, 5.277050, 5.260209, 5.256933, 5.253768, ]);
top8.push([77, 110, 230, 167, 249, 129, 84, 43, ]);
top8probs.push([5.330833, 5.230545, 5.230392, 5.227525, 5.223536, 5.209123, 5.207774, 5.204408, ]);
top8.push([27, 52, 188, 126, 147, 76, 88, 44, ]);
top8probs.push([5.384363, 5.294880, 5.231082, 5.225001, 5.216839, 5.213485, 5.210684, 5.204707, ]);
top8.push([92, 227, 101, 100, 245, 114, 104, 232, ]);
top8probs.push([5.353145, 5.296794, 5.235477, 5.213052, 5.200216, 5.177732, 5.173622, 5.171999, ]);
top8.push([69, 86, 123, 233, 126, 59, 62, 218, ]);
top8probs.push([5.532672, 5.479886, 5.400638, 5.258257, 5.243470, 5.237453, 5.226774, 5.219090, ]);
top8.push([89, 235, 120, 105, 10, 57, 179, 49, ]);
top8probs.push([5.322280, 5.320568, 5.292980, 5.292725, 5.284145, 5.282340, 5.279116, 5.277098, ]);
top8.push([247, 20, 215, 6, 39, 219, 91, 228, ]);
top8probs.push([5.458232, 5.322227, 5.300025, 5.224064, 5.213015, 5.208827, 5.207830, 5.185437, ]);
top8.push([236, 131, 61, 53, 165, 216, 241, 237, ]);
top8probs.push([5.388006, 5.372644, 5.347951, 5.331260, 5.316165, 5.301770, 5.293665, 5.291698, ]);
top8.push([32, 209, 90, 62, 66, 180, 138, 201, ]);
top8probs.push([5.503557, 5.318848, 5.288090, 5.281240, 5.280818, 5.280507, 5.280490, 5.279768, ]);
top8.push([80, 119, 236, 210, 134, 137, 102, 196, ]);
top8probs.push([5.315645, 5.288274, 5.285561, 5.285167, 5.284401, 5.249825, 5.246334, 5.244904, ]);
top8.push([117, 99, 101, 102, 46, 80, 217, 35, ]);
top8probs.push([5.208986, 5.168497, 5.168417, 5.162556, 5.135013, 5.128347, 5.127804, 5.122211, ]);
top8.push([167, 245, 101, 178, 44, 169, 58, 199, ]);
top8probs.push([5.320591, 5.280102, 5.255310, 5.251777, 5.226154, 5.216011, 5.211233, 5.193145, ]);
top8.push([174, 124, 205, 107, 130, 79, 121, 38, ]);
top8probs.push([5.401598, 5.394709, 5.384083, 5.320715, 5.283003, 5.277187, 5.272573, 5.270781, ]);
top8.push([12, 69, 96, 16, 127, 214, 246, 64, ]);
top8probs.push([5.453843, 5.335860, 5.298666, 5.264615, 5.261615, 5.248097, 5.245064, 5.240938, ]);
top8.push([120, 127, 155, 20, 26, 166, 161, 63, ]);
top8probs.push([5.472261, 5.359485, 5.357042, 5.308248, 5.279201, 5.275686, 5.264237, 5.262493, ]);
top8.push([243, 1, 94, 132, 44, 33, 232, 234, ]);
top8probs.push([5.520463, 5.338997, 5.322933, 5.287354, 5.261189, 5.259437, 5.254220, 5.228449, ]);
top8.push([89, 235, 30, 179, 34, 109, 239, 38, ]);
top8probs.push([5.353079, 5.340549, 5.301545, 5.296058, 5.285003, 5.284741, 5.284295, 5.283573, ]);
top8.push([215, 6, 247, 199, 243, 248, 102, 203, ]);
top8probs.push([5.262743, 5.221114, 5.193711, 5.179966, 5.175128, 5.170373, 5.168626, 5.167183, ]);
top8.push([196, 147, 62, 53, 153, 165, 237, 182, ]);
top8probs.push([5.482908, 5.374275, 5.372217, 5.355262, 5.353034, 5.347956, 5.341672, 5.320968, ]);
top8.push([235, 179, 38, 239, 89, 182, 11, 81, ]);
top8probs.push([5.298034, 5.297599, 5.297448, 5.294322, 5.293398, 5.291106, 5.290592, 5.290308, ]);
top8.push([6, 49, 247, 215, 155, 137, 225, 158, ]);
top8probs.push([5.282200, 5.267850, 5.259234, 5.257294, 5.234787, 5.215861, 5.206937, 5.206732, ]);
top8.push([99, 52, 147, 62, 217, 206, 13, 85, ]);
top8probs.push([5.411437, 5.373250, 5.256884, 5.246361, 5.220100, 5.209563, 5.206929, 5.202264, ]);
top8.push([162, 47, 13, 92, 152, 147, 78, 91, ]);
top8probs.push([5.301648, 5.294641, 5.289320, 5.288976, 5.282263, 5.281106, 5.280205, 5.268301, ]);
top8.push([104, 181, 55, 218, 235, 214, 219, 38, ]);
top8probs.push([5.320845, 5.308115, 5.305265, 5.298198, 5.295341, 5.294418, 5.287074, 5.285611, ]);
top8.push([104, 6, 218, 247, 215, 133, 219, 149, ]);
top8probs.push([5.284210, 5.278895, 5.270979, 5.219004, 5.214180, 5.197532, 5.196046, 5.193158, ]);
top8.push([82, 61, 140, 177, 186, 236, 217, 131, ]);
top8probs.push([5.570430, 5.434919, 5.290886, 5.282792, 5.266891, 5.231630, 5.224572, 5.218121, ]);
top8.push([49, 18, 11, 109, 228, 64, 252, 174, ]);
top8probs.push([5.368019, 5.338597, 5.334860, 5.330031, 5.327805, 5.326626, 5.324294, 5.317933, ]);
top8.push([9, 91, 1, 76, 54, 236, 197, 68, ]);
top8probs.push([5.291505, 5.262986, 5.255397, 5.248208, 5.245561, 5.235677, 5.232150, 5.228424, ]);
top8.push([124, 26, 109, 22, 17, 107, 154, 117, ]);
top8probs.push([5.360655, 5.355455, 5.269536, 5.262080, 5.262067, 5.256616, 5.249660, 5.243090, ]);
top8.push([56, 129, 54, 74, 170, 43, 249, 41, ]);
top8probs.push([5.382890, 5.255316, 5.243610, 5.235848, 5.229286, 5.227997, 5.221058, 5.220031, ]);
top8.push([0, 183, 85, 208, 228, 159, 115, 156, ]);
top8probs.push([5.302964, 5.291203, 5.270347, 5.269903, 5.261765, 5.261550, 5.260290, 5.259637, ]);
top8.push([235, 231, 91, 84, 89, 200, 209, 28, ]);
top8probs.push([5.314356, 5.302629, 5.300469, 5.298100, 5.294649, 5.291075, 5.287056, 5.285572, ]);
top8.push([247, 20, 215, 6, 91, 39, 218, 45, ]);
top8probs.push([5.386054, 5.324296, 5.254126, 5.232510, 5.223918, 5.199903, 5.198172, 5.197250, ]);
top8.push([31, 61, 13, 230, 223, 172, 98, 241, ]);
top8probs.push([5.359005, 5.291575, 5.270566, 5.265785, 5.260507, 5.250549, 5.246775, 5.245427, ]);
top8.push([17, 170, 37, 24, 55, 36, 74, 180, ]);
top8probs.push([5.299102, 5.294182, 5.286724, 5.279409, 5.270904, 5.267970, 5.261854, 5.261173, ]);
top8.push([224, 104, 227, 46, 236, 223, 251, 235, ]);
top8probs.push([5.314584, 5.313354, 5.303964, 5.294348, 5.286915, 5.280711, 5.277903, 5.276345, ]);
top8.push([215, 6, 102, 243, 100, 227, 224, 226, ]);
top8probs.push([5.226090, 5.215906, 5.204396, 5.194403, 5.192045, 5.182005, 5.178405, 5.177291, ]);
top8.push([196, 153, 237, 53, 147, 62, 165, 241, ]);
top8probs.push([5.456993, 5.355850, 5.350513, 5.350111, 5.344119, 5.332775, 5.324387, 5.319450, ]);
top8.push([38, 239, 90, 81, 23, 179, 140, 19, ]);
top8probs.push([5.297920, 5.293491, 5.289490, 5.288618, 5.288262, 5.288138, 5.286062, 5.286025, ]);
top8.push([137, 6, 215, 206, 20, 80, 149, 102, ]);
top8probs.push([5.340246, 5.309666, 5.294273, 5.291540, 5.286730, 5.286503, 5.271926, 5.268776, ]);
top8.push([117, 99, 101, 102, 46, 218, 125, 229, ]);
top8probs.push([5.221192, 5.180768, 5.172956, 5.168608, 5.152346, 5.139969, 5.136335, 5.134321, ]);
top8.push([37, 188, 94, 61, 33, 78, 152, 110, ]);
top8probs.push([5.456948, 5.312896, 5.297732, 5.293620, 5.283282, 5.282343, 5.281668, 5.275939, ]);
top8.push([32, 236, 230, 36, 17, 246, 209, 62, ]);
top8probs.push([5.490634, 5.327078, 5.326110, 5.319351, 5.312667, 5.303594, 5.302094, 5.292910, ]);
top8.push([134, 119, 236, 49, 41, 225, 185, 155, ]);
top8probs.push([5.315700, 5.272004, 5.254579, 5.252261, 5.225304, 5.210658, 5.210554, 5.207438, ]);
top8.push([99, 52, 62, 217, 13, 85, 206, 147, ]);
top8probs.push([5.374365, 5.353798, 5.228916, 5.225693, 5.223937, 5.223248, 5.214920, 5.206941, ]);
top8.push([162, 13, 47, 152, 78, 92, 172, 126, ]);
top8probs.push([5.323205, 5.307145, 5.304045, 5.295364, 5.286373, 5.284668, 5.282788, 5.281509, ]);
top8.push([169, 142, 133, 198, 42, 82, 107, 201, ]);
top8probs.push([5.325632, 5.306609, 5.306389, 5.290219, 5.288357, 5.286832, 5.286685, 5.285958, ]);
top8.push([181, 174, 134, 205, 55, 252, 124, 249, ]);
top8probs.push([5.319963, 5.318258, 5.294439, 5.292382, 5.282167, 5.270254, 5.268718, 5.260867, ]);
top8.push([128, 115, 116, 192, 16, 141, 66, 232, ]);
top8probs.push([5.491420, 5.396331, 5.299142, 5.282591, 5.252757, 5.251580, 5.246344, 5.212525, ]);
top8.push([96, 50, 9, 3, 39, 77, 109, 197, ]);
top8probs.push([5.357899, 5.215338, 5.214617, 5.201958, 5.191104, 5.190825, 5.189317, 5.176051, ]);
top8.push([49, 113, 11, 29, 64, 228, 18, 251, ]);
top8probs.push([5.298882, 5.290128, 5.289329, 5.281862, 5.274046, 5.269797, 5.266612, 5.265200, ]);
top8.push([27, 12, 144, 149, 247, 82, 106, 164, ]);
top8probs.push([5.544744, 5.264953, 5.259029, 5.258011, 5.252007, 5.251110, 5.248832, 5.245861, ]);
top8.push([44, 47, 0, 60, 253, 227, 31, 95, ]);
top8probs.push([5.377434, 5.261915, 5.257096, 5.239588, 5.228539, 5.226121, 5.221344, 5.215482, ]);
top8.push([69, 105, 165, 77, 237, 98, 211, 21, ]);
top8probs.push([5.499216, 5.302350, 5.265785, 5.261188, 5.247832, 5.246452, 5.234965, 5.214744, ]);
top8.push([142, 120, 253, 169, 198, 254, 215, 241, ]);
top8probs.push([5.366153, 5.339874, 5.323049, 5.303071, 5.302012, 5.300825, 5.296936, 5.293366, ]);
top8.push([181, 48, 249, 41, 52, 159, 242, 55, ]);
top8probs.push([5.381906, 5.320194, 5.285557, 5.252328, 5.250247, 5.246810, 5.245968, 5.244627, ]);
top8.push([151, 169, 158, 81, 26, 138, 185, 3, ]);
top8probs.push([5.189018, 5.186074, 5.143554, 5.138127, 5.129263, 5.128293, 5.127944, 5.127040, ]);
top8.push([55, 173, 171, 208, 117, 189, 79, 151, ]);
top8probs.push([5.692073, 5.451855, 5.359018, 5.303314, 5.293472, 5.292659, 5.272758, 5.270940, ]);
top8.push([49, 11, 179, 65, 121, 196, 144, 157, ]);
top8probs.push([5.311006, 5.290219, 5.276129, 5.273049, 5.272854, 5.271833, 5.269722, 5.268917, ]);
top8.push([169, 226, 212, 138, 26, 121, 137, 60, ]);
top8probs.push([5.245480, 5.238488, 5.223729, 5.219293, 5.217891, 5.211424, 5.204201, 5.202754, ]);
top8.push([55, 189, 171, 208, 5, 67, 173, 65, ]);
top8probs.push([5.642177, 5.387809, 5.351126, 5.312662, 5.295310, 5.284543, 5.284102, 5.279341, ]);
top8.push([56, 143, 156, 242, 111, 116, 122, 176, ]);
top8probs.push([5.509047, 5.314250, 5.302990, 5.296135, 5.288807, 5.274937, 5.273709, 5.265967, ]);
top8.push([200, 129, 1, 68, 172, 255, 140, 90, ]);
top8probs.push([5.452540, 5.281003, 5.276985, 5.274983, 5.269004, 5.265170, 5.264059, 5.259750, ]);
top8.push([39, 125, 48, 55, 171, 154, 17, 195, ]);
top8probs.push([5.331460, 5.275923, 5.263552, 5.262380, 5.261120, 5.242441, 5.239207, 5.237864, ]);
top8.push([32, 125, 50, 250, 209, 72, 35, 98, ]);
top8probs.push([5.468289, 5.350434, 5.337043, 5.334546, 5.323903, 5.317620, 5.282090, 5.280110, ]);
top8.push([44, 203, 210, 227, 236, 167, 172, 252, ]);
top8probs.push([5.303264, 5.299588, 5.278867, 5.210463, 5.209189, 5.204885, 5.200858, 5.194417, ]);
top8.push([203, 149, 199, 80, 204, 102, 100, 215, ]);
top8probs.push([5.322424, 5.221208, 5.217529, 5.208335, 5.204039, 5.197817, 5.193924, 5.187617, ]);
top8.push([174, 205, 107, 124, 109, 79, 116, 121, ]);
top8probs.push([5.447602, 5.396934, 5.390206, 5.367293, 5.306806, 5.284963, 5.281723, 5.278517, ]);
top8.push([56, 43, 77, 2, 163, 127, 86, 95, ]);
top8probs.push([5.344782, 5.257237, 5.250700, 5.247282, 5.245920, 5.242231, 5.238332, 5.236225, ]);
top8.push([92, 9, 58, 72, 7, 1, 253, 104, ]);
top8probs.push([5.438125, 5.395488, 5.282654, 5.271231, 5.266046, 5.260914, 5.250144, 5.245869, ]);
top8.push([11, 64, 49, 179, 115, 228, 34, 238, ]);
top8probs.push([5.286340, 5.283941, 5.278276, 5.277991, 5.277818, 5.276371, 5.275326, 5.273931, ]);
top8.push([235, 89, 35, 231, 57, 38, 176, 200, ]);
top8probs.push([5.338508, 5.332043, 5.318209, 5.311354, 5.308846, 5.298882, 5.298163, 5.297528, ]);
top8.push([215, 6, 20, 137, 102, 206, 247, 149, ]);
top8probs.push([5.350160, 5.310266, 5.298151, 5.262893, 5.256985, 5.246176, 5.244902, 5.231862, ]);
top8.push([178, 37, 117, 170, 154, 36, 138, 197, ]);
top8probs.push([5.438263, 5.340549, 5.306260, 5.293769, 5.263390, 5.258983, 5.258257, 5.256681, ]);
top8.push([8, 216, 61, 167, 203, 114, 149, 19, ]);
top8probs.push([5.332088, 5.238350, 5.198258, 5.193949, 5.193932, 5.184957, 5.182339, 5.179741, ]);
top8.push([94, 123, 224, 165, 204, 118, 221, 67, ]);
top8probs.push([5.535833, 5.517624, 5.367437, 5.359400, 5.327714, 5.318845, 5.314429, 5.287045, ]);
top8.push([142, 198, 133, 241, 146, 221, 117, 4, ]);
top8probs.push([5.353087, 5.316715, 5.314197, 5.294189, 5.286996, 5.285121, 5.283610, 5.278460, ]);
top8.push([181, 48, 249, 41, 159, 55, 52, 131, ]);
top8probs.push([5.392734, 5.313087, 5.271283, 5.269441, 5.266727, 5.256461, 5.250188, 5.241103, ]);
top8.push([151, 169, 158, 226, 81, 71, 168, 146, ]);
top8probs.push([5.198977, 5.183349, 5.159784, 5.159435, 5.151065, 5.146215, 5.142726, 5.142268, ]);
top8.push([55, 173, 171, 208, 117, 189, 79, 151, ]);
top8probs.push([5.665098, 5.469059, 5.352364, 5.296732, 5.289041, 5.280560, 5.278997, 5.275580, ]);
top8.push([49, 18, 11, 126, 122, 64, 179, 65, ]);
top8probs.push([5.307744, 5.301594, 5.289955, 5.286933, 5.284177, 5.282570, 5.280987, 5.280814, ]);
top8.push([226, 169, 212, 126, 26, 121, 137, 138, ]);
top8probs.push([5.272755, 5.235181, 5.234535, 5.228424, 5.227846, 5.222676, 5.220937, 5.218235, ]);
top8.push([55, 189, 171, 208, 5, 173, 65, 67, ]);
top8probs.push([5.625631, 5.370033, 5.331683, 5.310158, 5.295158, 5.290919, 5.285565, 5.283885, ]);
top8.push([122, 157, 0, 239, 49, 65, 187, 179, ]);
top8probs.push([5.313957, 5.297069, 5.293923, 5.283847, 5.282369, 5.281803, 5.280174, 5.277264, ]);
top8.push([226, 169, 212, 146, 26, 230, 138, 137, ]);
top8probs.push([5.274624, 5.248947, 5.234913, 5.224129, 5.222395, 5.222360, 5.219686, 5.218305, ]);
top8.push([55, 171, 175, 45, 208, 46, 246, 32, ]);
top8probs.push([5.502880, 5.275937, 5.256888, 5.243890, 5.237811, 5.230068, 5.229467, 5.224855, ]);
top8.push([109, 2, 124, 107, 174, 88, 57, 121, ]);
top8probs.push([5.401894, 5.382788, 5.362226, 5.318549, 5.299260, 5.286867, 5.285384, 5.277002, ]);
top8.push([142, 84, 144, 54, 70, 231, 9, 200, ]);
top8probs.push([5.343257, 5.301213, 5.293050, 5.290259, 5.285461, 5.284437, 5.277232, 5.276926, ]);
top8.push([112, 229, 121, 238, 221, 237, 17, 143, ]);
top8probs.push([5.578827, 5.199828, 5.192594, 5.189519, 5.156110, 5.149584, 5.147514, 5.143664, ]);
top8.push([7, 115, 122, 179, 36, 0, 121, 138, ]);
top8probs.push([5.313791, 5.287056, 5.285305, 5.277889, 5.274300, 5.268498, 5.267730, 5.264734, ]);
top8.push([2, 77, 86, 184, 35, 76, 96, 122, ]);
top8probs.push([5.357547, 5.334189, 5.312728, 5.302073, 5.300620, 5.297451, 5.295774, 5.285095, ]);
top8.push([169, 146, 226, 100, 212, 171, 201, 220, ]);
top8probs.push([5.341734, 5.278312, 5.260293, 5.235620, 5.231500, 5.227894, 5.225053, 5.223146, ]);
top8.push([55, 171, 175, 46, 177, 45, 246, 208, ]);
top8probs.push([5.593657, 5.322986, 5.299872, 5.265512, 5.255658, 5.251043, 5.249150, 5.245198, ]);
top8.push([178, 57, 37, 24, 170, 108, 128, 255, ]);
top8probs.push([5.464828, 5.422806, 5.411862, 5.317396, 5.316080, 5.309623, 5.286992, 5.281372, ]);
top8.push([96, 8, 211, 35, 251, 140, 145, 14, ]);
top8probs.push([5.424172, 5.271403, 5.234786, 5.204955, 5.195169, 5.195065, 5.191735, 5.190817, ]);
top8.push([169, 226, 81, 146, 201, 220, 150, 100, ]);
top8probs.push([5.347103, 5.304047, 5.259448, 5.252670, 5.245984, 5.239080, 5.233362, 5.232993, ]);
top8.push([55, 46, 67, 154, 171, 157, 121, 181, ]);
top8probs.push([5.494638, 5.307134, 5.255252, 5.254070, 5.252228, 5.249487, 5.246213, 5.234409, ]);
top8.push([151, 160, 210, 83, 45, 72, 54, 175, ]);
top8probs.push([5.446024, 5.371686, 5.323798, 5.293287, 5.292964, 5.287552, 5.283314, 5.283015, ]);
top8.push([22, 155, 21, 24, 44, 30, 159, 104, ]);
top8probs.push([5.519478, 5.316430, 5.282444, 5.254421, 5.240098, 5.236871, 5.234550, 5.233219, ]);
top8.push([173, 23, 164, 157, 66, 71, 103, 120, ]);
top8probs.push([5.502719, 5.387136, 5.368032, 5.358634, 5.334440, 5.323781, 5.322279, 5.317265, ]);
top8.push([56, 2, 23, 157, 126, 65, 10, 47, ]);
top8probs.push([5.377713, 5.367382, 5.326678, 5.325057, 5.301854, 5.293345, 5.292895, 5.289907, ]);
top8.push([69, 86, 84, 200, 236, 77, 110, 184, ]);
top8probs.push([5.514065, 5.416245, 5.400886, 5.375457, 5.331682, 5.329097, 5.277322, 5.271172, ]);
top8.push([178, 170, 5, 72, 238, 10, 73, 197, ]);
top8probs.push([5.458522, 5.354570, 5.339961, 5.312990, 5.306451, 5.289979, 5.286596, 5.280748, ]);
top8.push([226, 146, 169, 201, 100, 150, 220, 138, ]);
top8probs.push([5.292934, 5.292489, 5.289210, 5.264973, 5.242606, 5.228393, 5.225035, 5.221019, ]);
top8.push([55, 160, 171, 175, 189, 46, 151, 163, ]);
top8probs.push([5.580325, 5.326819, 5.322187, 5.320129, 5.301434, 5.294586, 5.277828, 5.270123, ]);
top8.push([22, 155, 226, 7, 21, 157, 24, 211, ]);
top8probs.push([5.554787, 5.320823, 5.289085, 5.272435, 5.268937, 5.258831, 5.257627, 5.251688, ]);
top8.push([169, 120, 164, 226, 157, 129, 158, 66, ]);
top8probs.push([5.241831, 5.203301, 5.183207, 5.177658, 5.175641, 5.171622, 5.157839, 5.153405, ]);
top8.push([55, 173, 171, 79, 208, 154, 67, 117, ]);
top8probs.push([5.670011, 5.484959, 5.376734, 5.298868, 5.297711, 5.295431, 5.294666, 5.293785, ]);
top8.push([49, 11, 157, 18, 179, 228, 34, 65, ]);
top8probs.push([5.323981, 5.300666, 5.295807, 5.295297, 5.289171, 5.286986, 5.286186, 5.283597, ]);
top8.push([44, 77, 26, 2, 94, 1, 58, 126, ]);
top8probs.push([5.326465, 5.276118, 5.257902, 5.250835, 5.247571, 5.244604, 5.242634, 5.241113, ]);
top8.push([69, 183, 208, 77, 231, 197, 127, 28, ]);
top8probs.push([5.543743, 5.369746, 5.326362, 5.316454, 5.241075, 5.240048, 5.239370, 5.230899, ]);
top8.push([20, 155, 127, 26, 168, 172, 161, 162, ]);
top8probs.push([5.397954, 5.394791, 5.365740, 5.352541, 5.336817, 5.319277, 5.314996, 5.309856, ]);
top8.push([243, 201, 132, 225, 242, 248, 163, 133, ]);
top8probs.push([5.438758, 5.360106, 5.356962, 5.324158, 5.306358, 5.287184, 5.268361, 5.261042, ]);
top8.push([81, 160, 243, 132, 240, 251, 118, 201, ]);
top8probs.push([5.470802, 5.459903, 5.355443, 5.354751, 5.347828, 5.340397, 5.325826, 5.323206, ]);
top8.push([22, 21, 155, 226, 24, 223, 74, 159, ]);
top8probs.push([5.549917, 5.311809, 5.287799, 5.283520, 5.278072, 5.229750, 5.226346, 5.223891, ]);
top8.push([169, 120, 129, 177, 233, 226, 157, 247, ]);
top8probs.push([5.252086, 5.217183, 5.174486, 5.169555, 5.169500, 5.162376, 5.161523, 5.158873, ]);
top8.push([55, 173, 171, 208, 79, 67, 246, 117, ]);
top8probs.push([5.639721, 5.469553, 5.347691, 5.290729, 5.284339, 5.279147, 5.278597, 5.271439, ]);
top8.push([247, 47, 122, 97, 163, 133, 32, 57, ]);
top8probs.push([5.287391, 5.274296, 5.264167, 5.256153, 5.255781, 5.248868, 5.245829, 5.244857, ]);
top8.push([164, 169, 233, 137, 226, 218, 128, 247, ]);
top8probs.push([5.298857, 5.298275, 5.283012, 5.248819, 5.247343, 5.245822, 5.233634, 5.221703, ]);
top8.push([55, 173, 189, 171, 208, 79, 5, 67, ]);
top8probs.push([5.641527, 5.480710, 5.360799, 5.344555, 5.326910, 5.297772, 5.295639, 5.284435, ]);
top8.push([49, 157, 18, 11, 179, 29, 65, 228, ]);
top8probs.push([5.318475, 5.311491, 5.310163, 5.298282, 5.291230, 5.288229, 5.288205, 5.285196, ]);
top8.push([2, 77, 56, 26, 86, 88, 234, 184, ]);
top8probs.push([5.375386, 5.364357, 5.329474, 5.305943, 5.298542, 5.296468, 5.294159, 5.290926, ]);
top8.push([92, 9, 58, 1, 253, 80, 88, 95, ]);
top8probs.push([5.502383, 5.396489, 5.341396, 5.316813, 5.303653, 5.281851, 5.260596, 5.260150, ]);
top8.push([233, 239, 179, 115, 251, 244, 202, 228, ]);
top8probs.push([5.288492, 5.281320, 5.280011, 5.278182, 5.274470, 5.274065, 5.272668, 5.272069, ]);
top8.push([40, 50, 172, 231, 35, 121, 74, 197, ]);
top8probs.push([5.277724, 5.266635, 5.217953, 5.216333, 5.200810, 5.196645, 5.194443, 5.192122, ]);
top8.push([124, 208, 240, 205, 174, 105, 183, 227, ]);
top8probs.push([5.304816, 5.299258, 5.291251, 5.289514, 5.267681, 5.266445, 5.259247, 5.252857, ]);
top8.push([9, 92, 42, 80, 253, 58, 66, 159, ]);
top8probs.push([5.357972, 5.313497, 5.229319, 5.227827, 5.227324, 5.215352, 5.214441, 5.209535, ]);
top8.push([111, 233, 175, 251, 191, 244, 179, 115, ]);
top8probs.push([5.296210, 5.280020, 5.259068, 5.257549, 5.257183, 5.255795, 5.254801, 5.253969, ]);
top8.push([169, 146, 226, 212, 138, 175, 81, 220, ]);
top8probs.push([5.319005, 5.303169, 5.266789, 5.234496, 5.224221, 5.224097, 5.215616, 5.209457, ]);
top8.push([55, 175, 171, 46, 246, 177, 45, 32, ]);
top8probs.push([5.560843, 5.310338, 5.299021, 5.253782, 5.239398, 5.235227, 5.235205, 5.234030, ]);
top8.push([178, 37, 57, 24, 170, 128, 108, 48, ]);
top8probs.push([5.442968, 5.414072, 5.398224, 5.307311, 5.300950, 5.299547, 5.295296, 5.293186, ]);
top8.push([155, 132, 3, 102, 92, 93, 118, 219, ]);
top8probs.push([5.252763, 5.248167, 5.237975, 5.233964, 5.227461, 5.219702, 5.215023, 5.211021, ]);
top8.push([55, 177, 157, 13, 56, 214, 46, 220, ]);
top8probs.push([5.416785, 5.338177, 5.297570, 5.269227, 5.269005, 5.257268, 5.257129, 5.256563, ]);
top8.push([160, 151, 246, 233, 205, 138, 83, 210, ]);
top8probs.push([5.395798, 5.389496, 5.331968, 5.321902, 5.302774, 5.302209, 5.300782, 5.300214, ]);
top8.push([22, 21, 155, 24, 104, 226, 44, 159, ]);
top8probs.push([5.543822, 5.324193, 5.310351, 5.281902, 5.274995, 5.274888, 5.257463, 5.257008, ]);
top8.push([173, 23, 157, 164, 66, 98, 120, 71, ]);
top8probs.push([5.523250, 5.413918, 5.381143, 5.376791, 5.356825, 5.333502, 5.333114, 5.324749, ]);
top8.push([56, 143, 242, 164, 156, 23, 165, 157, ]);
top8probs.push([5.568010, 5.361752, 5.333035, 5.315937, 5.314601, 5.312895, 5.306833, 5.291991, ]);
top8.push([69, 200, 84, 86, 243, 2, 110, 131, ]);
top8probs.push([5.568237, 5.557388, 5.429180, 5.428638, 5.317392, 5.310443, 5.296761, 5.289467, ]);
top8.push([178, 170, 5, 72, 238, 10, 141, 207, ]);
top8probs.push([5.456695, 5.369763, 5.336400, 5.312883, 5.305152, 5.290735, 5.283412, 5.283108, ]);
top8.push([201, 225, 132, 133, 163, 114, 85, 105, ]);
top8probs.push([5.338455, 5.327288, 5.283348, 5.273906, 5.273094, 5.266112, 5.265944, 5.264870, ]);
top8.push([160, 81, 216, 175, 71, 150, 152, 201, ]);
top8probs.push([5.467100, 5.463595, 5.367461, 5.339846, 5.336383, 5.335526, 5.333386, 5.319652, ]);
top8.push([169, 24, 21, 226, 212, 177, 120, 81, ]);
top8probs.push([5.201812, 5.186903, 5.166734, 5.163990, 5.155021, 5.148686, 5.138810, 5.131822, ]);
top8.push([55, 173, 171, 208, 246, 67, 79, 19, ]);
top8probs.push([5.613339, 5.477506, 5.327623, 5.320280, 5.293481, 5.280636, 5.274397, 5.271566, ]);
top8.push([49, 11, 18, 179, 122, 157, 65, 34, ]);
top8probs.push([5.317269, 5.304589, 5.295952, 5.289332, 5.287285, 5.285479, 5.284938, 5.284760, ]);
top8.push([58, 9, 1, 101, 253, 126, 60, 91, ]);
top8probs.push([5.358796, 5.350966, 5.338586, 5.321925, 5.315187, 5.296350, 5.295769, 5.277415, ]);
top8.push([26, 124, 107, 22, 109, 117, 154, 17, ]);
top8probs.push([5.354908, 5.354563, 5.305205, 5.255908, 5.252925, 5.248809, 5.248313, 5.233265, ]);
top8.push([77, 110, 84, 167, 129, 147, 43, 182, ]);
top8probs.push([5.310646, 5.240866, 5.233320, 5.232039, 5.219758, 5.210282, 5.204749, 5.200222, ]);
top8.push([27, 52, 253, 188, 126, 88, 76, 239, ]);
top8probs.push([5.431281, 5.299806, 5.250069, 5.245190, 5.242462, 5.239372, 5.230458, 5.222780, ]);
top8.push([92, 101, 8, 98, 245, 232, 227, 240, ]);
top8probs.push([5.461711, 5.247501, 5.238611, 5.227449, 5.220265, 5.205400, 5.200500, 5.193390, ]);
top8.push([45, 4, 171, 111, 146, 220, 251, 56, ]);
top8probs.push([5.589155, 5.548112, 5.334710, 5.321029, 5.285273, 5.281812, 5.277967, 5.275648, ]);
top8.push([146, 169, 226, 212, 230, 32, 81, 220, ]);
top8probs.push([5.324621, 5.299219, 5.251003, 5.243629, 5.240546, 5.228209, 5.216626, 5.214069, ]);
top8.push([55, 171, 175, 46, 32, 246, 79, 147, ]);
top8probs.push([5.558293, 5.296853, 5.280591, 5.250306, 5.238866, 5.237836, 5.235870, 5.232636, ]);
top8.push([212, 57, 155, 128, 110, 156, 126, 88, ]);
top8probs.push([5.455817, 5.316173, 5.281873, 5.253648, 5.253040, 5.249858, 5.247715, 5.247370, ]);
top8.push([146, 226, 169, 126, 32, 137, 166, 213, ]);
top8probs.push([5.287949, 5.261465, 5.247208, 5.232507, 5.232495, 5.232234, 5.231274, 5.228979, ]);
top8.push([55, 46, 121, 171, 67, 154, 128, 156, ]);
top8probs.push([5.454314, 5.279132, 5.266444, 5.264870, 5.261531, 5.261219, 5.249675, 5.249488, ]);
top8.push([151, 210, 160, 72, 54, 19, 205, 83, ]);
top8probs.push([5.429136, 5.356126, 5.347253, 5.304129, 5.292458, 5.291300, 5.288832, 5.288292, ]);
top8.push([22, 21, 155, 24, 104, 159, 226, 44, ]);
top8probs.push([5.542167, 5.329003, 5.319333, 5.285925, 5.277223, 5.269401, 5.255312, 5.254328, ]);
top8.push([173, 23, 164, 157, 66, 103, 98, 120, ]);
top8probs.push([5.511625, 5.405753, 5.385152, 5.372387, 5.337748, 5.336554, 5.324960, 5.321513, ]);
top8.push([56, 143, 242, 156, 164, 23, 165, 218, ]);
top8probs.push([5.498059, 5.332087, 5.317849, 5.300031, 5.293595, 5.289810, 5.289611, 5.280248, ]);
top8.push([200, 212, 88, 156, 143, 243, 231, 168, ]);
top8probs.push([5.381315, 5.351939, 5.257424, 5.256451, 5.251985, 5.250638, 5.247909, 5.247143, ]);
top8.push([146, 169, 226, 32, 20, 100, 166, 213, ]);
top8probs.push([5.290457, 5.255822, 5.253487, 5.228492, 5.228382, 5.223658, 5.219014, 5.218261, ]);
top8.push([55, 171, 175, 160, 46, 208, 246, 210, ]);
top8probs.push([5.558050, 5.338878, 5.281994, 5.275696, 5.274775, 5.270979, 5.270445, 5.269456, ]);
top8.push([247, 163, 157, 23, 115, 122, 97, 57, ]);
top8probs.push([5.282825, 5.272583, 5.269799, 5.266913, 5.258251, 5.257159, 5.246169, 5.244504, ]);
top8.push([164, 169, 233, 218, 247, 226, 137, 128, ]);
top8probs.push([5.361793, 5.302409, 5.300073, 5.272542, 5.250068, 5.244761, 5.243608, 5.233111, ]);
top8.push([55, 173, 189, 171, 208, 5, 79, 67, ]);
top8probs.push([5.623241, 5.494502, 5.346255, 5.342513, 5.321270, 5.302843, 5.292964, 5.283591, ]);
top8.push([212, 46, 1, 126, 157, 88, 237, 121, ]);
top8probs.push([5.379646, 5.319120, 5.292393, 5.284751, 5.276093, 5.273219, 5.271008, 5.267753, ]);
top8.push([225, 44, 185, 38, 144, 239, 135, 35, ]);
top8probs.push([5.307985, 5.284720, 5.283514, 5.279442, 5.275627, 5.274755, 5.274746, 5.272598, ]);
top8.push([81, 217, 160, 174, 130, 189, 216, 38, ]);
top8probs.push([5.398802, 5.354700, 5.354142, 5.351283, 5.332297, 5.324461, 5.321056, 5.318761, ]);
top8.push([169, 24, 21, 230, 177, 120, 226, 33, ]);
top8probs.push([5.215353, 5.182440, 5.171446, 5.156591, 5.152417, 5.147957, 5.147709, 5.136512, ]);
top8.push([55, 173, 171, 208, 246, 79, 121, 67, ]);
top8probs.push([5.659715, 5.482754, 5.389194, 5.339874, 5.294793, 5.290056, 5.286960, 5.285151, ]);
top8.push([174, 68, 205, 124, 121, 79, 214, 237, ]);
top8probs.push([5.348883, 5.344633, 5.329220, 5.311968, 5.296064, 5.294914, 5.276284, 5.272836, ]);
top8.push([54, 68, 170, 9, 230, 234, 77, 78, ]);
top8probs.push([5.406335, 5.352564, 5.322744, 5.307311, 5.304903, 5.295250, 5.284863, 5.250299, ]);
top8.push([112, 34, 49, 64, 181, 11, 228, 18, ]);
top8probs.push([5.329543, 5.288636, 5.287516, 5.285234, 5.284598, 5.283935, 5.280643, 5.275641, ]);
top8.push([103, 44, 94, 77, 121, 76, 33, 26, ]);
top8probs.push([5.240450, 5.236822, 5.234794, 5.232353, 5.223885, 5.221231, 5.218899, 5.214108, ]);
top8.push([169, 226, 100, 146, 208, 201, 220, 199, ]);
top8probs.push([5.321508, 5.262757, 5.261044, 5.258718, 5.251837, 5.222663, 5.216383, 5.203367, ]);
top8.push([55, 171, 175, 46, 208, 45, 246, 32, ]);
top8probs.push([5.562966, 5.318256, 5.295799, 5.255214, 5.247500, 5.247401, 5.246386, 5.243646, ]);
top8.push([178, 37, 57, 170, 232, 24, 255, 128, ]);
top8probs.push([5.467112, 5.417233, 5.393836, 5.325005, 5.298564, 5.297412, 5.287136, 5.285156, ]);
top8.push([96, 8, 211, 14, 95, 203, 73, 35, ]);
top8probs.push([5.453279, 5.304529, 5.246716, 5.212862, 5.210592, 5.209859, 5.208608, 5.205750, ]);
top8.push([201, 153, 225, 242, 157, 162, 167, 35, ]);
top8probs.push([5.337493, 5.315062, 5.304196, 5.295361, 5.292492, 5.289712, 5.288678, 5.286326, ]);
top8.push([160, 81, 153, 150, 175, 149, 201, 71, ]);
top8probs.push([5.485898, 5.477548, 5.374023, 5.370519, 5.369394, 5.338574, 5.336145, 5.333865, ]);
top8.push([169, 24, 21, 226, 212, 177, 120, 140, ]);
top8probs.push([5.197805, 5.188133, 5.173437, 5.173262, 5.150386, 5.145156, 5.143440, 5.129287, ]);
top8.push([55, 173, 171, 208, 246, 67, 79, 154, ]);
top8probs.push([5.620899, 5.477902, 5.349066, 5.314135, 5.290109, 5.278224, 5.274807, 5.271492, ]);
top8.push([205, 124, 68, 121, 174, 237, 144, 79, ]);
top8probs.push([5.321796, 5.302768, 5.295412, 5.285725, 5.281104, 5.274053, 5.269931, 5.269814, ]);
top8.push([56, 95, 192, 69, 74, 77, 121, 44, ]);
top8probs.push([5.319902, 5.253504, 5.251479, 5.244170, 5.242342, 5.241979, 5.241068, 5.239703, ]);
top8.push([208, 183, 228, 240, 49, 157, 11, 34, ]);
top8probs.push([5.319251, 5.317797, 5.295095, 5.294743, 5.279388, 5.277375, 5.274750, 5.273463, ]);
top8.push([77, 183, 92, 208, 75, 236, 94, 240, ]);
top8probs.push([5.390602, 5.253754, 5.243169, 5.240126, 5.232903, 5.227124, 5.220672, 5.216174, ]);
top8.push([12, 27, 96, 209, 216, 46, 52, 126, ]);
top8probs.push([5.449660, 5.359551, 5.287038, 5.280928, 5.274235, 5.252050, 5.242047, 5.240781, ]);
top8.push([39, 232, 168, 197, 37, 61, 182, 15, ]);
top8probs.push([5.360748, 5.268967, 5.240229, 5.233189, 5.228417, 5.226510, 5.226171, 5.224452, ]);
top8.push([3, 102, 155, 150, 92, 185, 168, 133, ]);
top8probs.push([5.311740, 5.275119, 5.266636, 5.251494, 5.243261, 5.230554, 5.228454, 5.227653, ]);
top8.push([55, 177, 157, 13, 67, 56, 46, 156, ]);
top8probs.push([5.428103, 5.354929, 5.303928, 5.275795, 5.266995, 5.264728, 5.263867, 5.261020, ]);
top8.push([45, 233, 254, 151, 246, 190, 63, 32, ]);
top8probs.push([5.390751, 5.322037, 5.308706, 5.308318, 5.306407, 5.306303, 5.292363, 5.287479, ]);
top8.push([2, 65, 156, 56, 24, 157, 176, 78, ]);
top8probs.push([5.316004, 5.305851, 5.285008, 5.280474, 5.275692, 5.273377, 5.268181, 5.267565, ]);
top8.push([69, 77, 94, 236, 231, 200, 127, 84, ]);
top8probs.push([5.611342, 5.458126, 5.301079, 5.295899, 5.295784, 5.288744, 5.285554, 5.283374, ]);
top8.push([20, 127, 155, 26, 168, 172, 161, 144, ]);
top8probs.push([5.386095, 5.370882, 5.357185, 5.336192, 5.330399, 5.311707, 5.305487, 5.301402, ]);
top8.push([243, 132, 225, 201, 248, 242, 118, 115, ]);
top8probs.push([5.462795, 5.386155, 5.322942, 5.320814, 5.308907, 5.293696, 5.286842, 5.279488, ]);
top8.push([160, 81, 132, 243, 118, 251, 240, 175, ]);
top8probs.push([5.443019, 5.439064, 5.423851, 5.409087, 5.361865, 5.354708, 5.329171, 5.318294, ]);
top8.push([169, 24, 21, 226, 177, 120, 230, 212, ]);
top8probs.push([5.228322, 5.188986, 5.181010, 5.174328, 5.156904, 5.153268, 5.152735, 5.149201, ]);
top8.push([55, 173, 171, 208, 246, 67, 79, 233, ]);
top8probs.push([5.627123, 5.475459, 5.361832, 5.310979, 5.301437, 5.279680, 5.275594, 5.271107, ]);
top8.push([205, 68, 124, 121, 174, 79, 237, 97, ]);
top8probs.push([5.319995, 5.288948, 5.286417, 5.283693, 5.275773, 5.274763, 5.272171, 5.270350, ]);
top8.push([56, 192, 121, 74, 95, 44, 38, 54, ]);
top8probs.push([5.310846, 5.242568, 5.241099, 5.240722, 5.234087, 5.232784, 5.226684, 5.226636, ]);
top8.push([208, 183, 240, 228, 157, 34, 18, 49, ]);
top8probs.push([5.325088, 5.321239, 5.291843, 5.288992, 5.278156, 5.276531, 5.275275, 5.266989, ]);
top8.push([31, 84, 9, 231, 183, 90, 209, 197, ]);
top8probs.push([5.280351, 5.250261, 5.249447, 5.242298, 5.238500, 5.230454, 5.221731, 5.221076, ]);
top8.push([69, 208, 85, 30, 36, 161, 93, 156, ]);
top8probs.push([5.524563, 5.309424, 5.275257, 5.273950, 5.264557, 5.249526, 5.243134, 5.240294, ]);
top8.push([44, 45, 14, 109, 4, 219, 35, 88, ]);
top8probs.push([5.549017, 5.325593, 5.285542, 5.257554, 5.229981, 5.228417, 5.227172, 5.226942, ]);
top8.push([69, 165, 237, 41, 62, 36, 196, 77, ]);
top8probs.push([5.569086, 5.313570, 5.297088, 5.275733, 5.257195, 5.251717, 5.249879, 5.248664, ]);
top8.push([3, 168, 185, 155, 93, 150, 175, 141, ]);
top8probs.push([5.292806, 5.267573, 5.260908, 5.260283, 5.256344, 5.253875, 5.249021, 5.245687, ]);
top8.push([55, 177, 157, 13, 67, 82, 156, 46, ]);
top8probs.push([5.450049, 5.364862, 5.312272, 5.291874, 5.278192, 5.275871, 5.271851, 5.269503, ]);
top8.push([45, 151, 233, 190, 254, 246, 32, 63, ]);
top8probs.push([5.399214, 5.334347, 5.324506, 5.324317, 5.315487, 5.311833, 5.296133, 5.295273, ]);
top8.push([56, 156, 143, 226, 24, 65, 242, 232, ]);
top8probs.push([5.436641, 5.337662, 5.330982, 5.301126, 5.280638, 5.280564, 5.280121, 5.277894, ]);
top8.push([200, 178, 37, 129, 170, 140, 73, 61, ]);
top8probs.push([5.461846, 5.428020, 5.385758, 5.291139, 5.276775, 5.275910, 5.272581, 5.271831, ]);
top8.push([8, 172, 216, 80, 13, 96, 76, 29, ]);
top8probs.push([5.309115, 5.270387, 5.253048, 5.205836, 5.203777, 5.202035, 5.201341, 5.196877, ]);
top8.push([195, 110, 94, 241, 15, 149, 152, 182, ]);
top8probs.push([5.354447, 5.317818, 5.306558, 5.293190, 5.292523, 5.278662, 5.278470, 5.277768, ]);
top8.push([235, 89, 112, 64, 34, 179, 35, 182, ]);
top8probs.push([5.395322, 5.330035, 5.312963, 5.310052, 5.305891, 5.302680, 5.296184, 5.295717, ]);
top8.push([6, 215, 137, 102, 20, 80, 206, 204, ]);
top8probs.push([5.361069, 5.341257, 5.325459, 5.311357, 5.288133, 5.266336, 5.262238, 5.259786, ]);
top8.push([169, 117, 107, 42, 217, 99, 202, 177, ]);
top8probs.push([5.338955, 5.338490, 5.330629, 5.285582, 5.285170, 5.253284, 5.249259, 5.247935, ]);
top8.push([181, 48, 157, 249, 159, 41, 55, 52, ]);
top8probs.push([5.370482, 5.281037, 5.250892, 5.250061, 5.244824, 5.235551, 5.231909, 5.231765, ]);
top8.push([169, 151, 226, 146, 158, 223, 81, 168, ]);
top8probs.push([5.201996, 5.191284, 5.174209, 5.164099, 5.161007, 5.147381, 5.147011, 5.145364, ]);
top8.push([55, 173, 171, 117, 208, 154, 79, 246, ]);
top8probs.push([5.674612, 5.455828, 5.357895, 5.293383, 5.292916, 5.277050, 5.267520, 5.261405, ]);
top8.push([18, 49, 64, 157, 79, 11, 179, 187, ]);
top8probs.push([5.328202, 5.324569, 5.295540, 5.292556, 5.288843, 5.287020, 5.284625, 5.283754, ]);
top8.push([226, 169, 128, 126, 146, 26, 138, 212, ]);
top8probs.push([5.290498, 5.248671, 5.238711, 5.238049, 5.237837, 5.237102, 5.226952, 5.225472, ]);
top8.push([55, 189, 171, 208, 67, 5, 173, 65, ]);
top8probs.push([5.631131, 5.354184, 5.342269, 5.298512, 5.293066, 5.291738, 5.283352, 5.281186, ]);
top8.push([2, 56, 157, 88, 65, 176, 14, 28, ]);
top8probs.push([5.365836, 5.326551, 5.305899, 5.282476, 5.279788, 5.276029, 5.273387, 5.269948, ]);
top8.push([77, 94, 69, 2, 236, 70, 172, 88, ]);
top8probs.push([5.345396, 5.334822, 5.317673, 5.281048, 5.278082, 5.269030, 5.247178, 5.245854, ]);
top8.push([77, 94, 98, 75, 106, 48, 24, 104, ]);
top8probs.push([5.313606, 5.272325, 5.267358, 5.264431, 5.262700, 5.257562, 5.254883, 5.234022, ]);
top8.push([12, 27, 216, 46, 96, 125, 209, 126, ]);
top8probs.push([5.457185, 5.382759, 5.345021, 5.290209, 5.281922, 5.274101, 5.268391, 5.264950, ]);
top8.push([39, 232, 197, 226, 168, 37, 62, 182, ]);
top8probs.push([5.362959, 5.253795, 5.245487, 5.241382, 5.238793, 5.237010, 5.236026, 5.234180, ]);
top8.push([3, 102, 150, 155, 168, 146, 133, 185, ]);
top8probs.push([5.336043, 5.296567, 5.278428, 5.273129, 5.259268, 5.254493, 5.249564, 5.248597, ]);
top8.push([55, 177, 157, 13, 67, 246, 46, 156, ]);
top8probs.push([5.435390, 5.358633, 5.306856, 5.279297, 5.272407, 5.270549, 5.268100, 5.267388, ]);
top8.push([173, 151, 233, 246, 191, 63, 19, 139, ]);
top8probs.push([5.530983, 5.393647, 5.373176, 5.368669, 5.352483, 5.346152, 5.345262, 5.344245, ]);
top8.push([56, 156, 143, 226, 176, 165, 239, 158, ]);
top8probs.push([5.444652, 5.308313, 5.306638, 5.287481, 5.275396, 5.270721, 5.270668, 5.267921, ]);
top8.push([145, 200, 129, 214, 88, 15, 128, 255, ]);
top8probs.push([5.579429, 5.462151, 5.297985, 5.290420, 5.268456, 5.264751, 5.263588, 5.259492, ]);
top8.push([3, 93, 155, 168, 185, 132, 221, 102, ]);
top8probs.push([5.290395, 5.260389, 5.257568, 5.256021, 5.247873, 5.239027, 5.238161, 5.237955, ]);
top8.push([55, 177, 157, 67, 13, 233, 156, 246, ]);
top8probs.push([5.437495, 5.365331, 5.304100, 5.293727, 5.291415, 5.287247, 5.278813, 5.276244, ]);
top8.push([233, 246, 173, 151, 254, 160, 191, 124, ]);
top8probs.push([5.376886, 5.353290, 5.347986, 5.346675, 5.345459, 5.343565, 5.342618, 5.342301, ]);
top8.push([157, 2, 78, 65, 14, 176, 172, 144, ]);
top8probs.push([5.315660, 5.312418, 5.295361, 5.294417, 5.294188, 5.287213, 5.287170, 5.286247, ]);
top8.push([236, 77, 234, 62, 56, 86, 68, 26, ]);
top8probs.push([5.334953, 5.332384, 5.307660, 5.298409, 5.297774, 5.291844, 5.291155, 5.290669, ]);
top8.push([92, 3, 185, 168, 146, 175, 93, 155, ]);
top8probs.push([5.281840, 5.275714, 5.272320, 5.271509, 5.257843, 5.256736, 5.252043, 5.251760, ]);
top8.push([55, 177, 157, 67, 13, 233, 156, 246, ]);
top8probs.push([5.440914, 5.370996, 5.305554, 5.297398, 5.290974, 5.288623, 5.287838, 5.284970, ]);
top8.push([45, 233, 246, 254, 190, 55, 62, 151, ]);
top8probs.push([5.392068, 5.337327, 5.326408, 5.321065, 5.314227, 5.301334, 5.297976, 5.297666, ]);
top8.push([56, 156, 143, 226, 242, 24, 65, 232, ]);
top8probs.push([5.390560, 5.347503, 5.346494, 5.300920, 5.292291, 5.284800, 5.284208, 5.283941, ]);
top8.push([178, 200, 37, 170, 128, 129, 73, 140, ]);
top8probs.push([5.448257, 5.435542, 5.397632, 5.299837, 5.296834, 5.291862, 5.276032, 5.275202, ]);
top8.push([225, 201, 132, 251, 15, 85, 105, 4, ]);
top8probs.push([5.330213, 5.329366, 5.293669, 5.270150, 5.265464, 5.265250, 5.264134, 5.264099, ]);
top8.push([160, 81, 216, 175, 152, 174, 71, 150, ]);
top8probs.push([5.451070, 5.417142, 5.401505, 5.348168, 5.331363, 5.327596, 5.318360, 5.317106, ]);
top8.push([169, 24, 21, 226, 212, 177, 120, 81, ]);
top8probs.push([5.203983, 5.181932, 5.171595, 5.164417, 5.153165, 5.147480, 5.147072, 5.136060, ]);
top8.push([55, 173, 171, 208, 246, 79, 19, 67, ]);
top8probs.push([5.596073, 5.477056, 5.334293, 5.322792, 5.297515, 5.278249, 5.274049, 5.270962, ]);
top8.push([49, 18, 11, 79, 34, 157, 179, 64, ]);
top8probs.push([5.327068, 5.321630, 5.302502, 5.297449, 5.296355, 5.293620, 5.293192, 5.292963, ]);
top8.push([69, 86, 84, 77, 110, 237, 184, 128, ]);
top8probs.push([5.540872, 5.413463, 5.402021, 5.336005, 5.314771, 5.304288, 5.293591, 5.287659, ]);
top8.push([178, 170, 5, 238, 72, 10, 73, 197, ]);
top8probs.push([5.473704, 5.370728, 5.360603, 5.329054, 5.320952, 5.302971, 5.293453, 5.288620, ]);
top8.push([50, 216, 88, 1, 139, 44, 58, 14, ]);
top8probs.push([5.444527, 5.285123, 5.246169, 5.244955, 5.242900, 5.218535, 5.213996, 5.213497, ]);
top8.push([32, 164, 251, 17, 126, 201, 123, 23, ]);
top8probs.push([5.450960, 5.358084, 5.332326, 5.297551, 5.292480, 5.286705, 5.282665, 5.280750, ]);
top8.push([203, 119, 75, 84, 236, 80, 248, 39, ]);
top8probs.push([5.302207, 5.282274, 5.269462, 5.238592, 5.218249, 5.209441, 5.203758, 5.203034, ]);
top8.push([65, 196, 0, 97, 241, 246, 236, 204, ]);
top8probs.push([5.366946, 5.350283, 5.346405, 5.345864, 5.334919, 5.322209, 5.310977, 5.303998, ]);
top8.push([3, 133, 102, 150, 155, 226, 93, 201, ]);
top8probs.push([5.319652, 5.295928, 5.282763, 5.271391, 5.269493, 5.264801, 5.262756, 5.259233, ]);
top8.push([55, 177, 157, 13, 56, 220, 156, 67, ]);
top8probs.push([5.359967, 5.323988, 5.314651, 5.288109, 5.287981, 5.277984, 5.268702, 5.267985, ]);
top8.push([173, 233, 151, 246, 191, 63, 19, 254, ]);
top8probs.push([5.531929, 5.384102, 5.365466, 5.362803, 5.353228, 5.345223, 5.338119, 5.336856, ]);
top8.push([124, 174, 109, 107, 2, 16, 179, 121, ]);
top8probs.push([5.433976, 5.365502, 5.320758, 5.301297, 5.292930, 5.274149, 5.270631, 5.270541, ]);
top8.push([128, 115, 192, 16, 66, 116, 226, 38, ]);
top8probs.push([5.503757, 5.345078, 5.238952, 5.229085, 5.216086, 5.210599, 5.208690, 5.208655, ]);
top8.push([9, 92, 1, 232, 253, 197, 3, 54, ]);
top8probs.push([5.337421, 5.254484, 5.245667, 5.189179, 5.187553, 5.174887, 5.174541, 5.172079, ]);
top8.push([233, 113, 240, 64, 228, 29, 11, 179, ]);
top8probs.push([5.273887, 5.262257, 5.255825, 5.251089, 5.250808, 5.249417, 5.245600, 5.241400, ]);
top8.push([77, 86, 48, 103, 184, 35, 2, 23, ]);
top8probs.push([5.293799, 5.274790, 5.272423, 5.272167, 5.269534, 5.266864, 5.266737, 5.258504, ]);
top8.push([242, 225, 167, 111, 51, 116, 85, 185, ]);
top8probs.push([5.329993, 5.300378, 5.298473, 5.289982, 5.282167, 5.280303, 5.275188, 5.274217, ]);
top8.push([160, 81, 175, 150, 113, 116, 189, 71, ]);
top8probs.push([5.473089, 5.413947, 5.360291, 5.348195, 5.333506, 5.332054, 5.330155, 5.315036, ]);
top8.push([178, 37, 21, 108, 255, 170, 57, 1, ]);
top8probs.push([5.379933, 5.361524, 5.320797, 5.281497, 5.275353, 5.271015, 5.268338, 5.259486, ]);
top8.push([8, 172, 216, 96, 76, 13, 86, 29, ]);
top8probs.push([5.330054, 5.269759, 5.255985, 5.207104, 5.199796, 5.199718, 5.197851, 5.194877, ]);
top8.push([195, 110, 186, 94, 149, 241, 250, 152, ]);
top8probs.push([5.365888, 5.329953, 5.318270, 5.315925, 5.307795, 5.299566, 5.293791, 5.292318, ]);
top8.push([142, 133, 198, 112, 149, 202, 241, 42, ]);
top8probs.push([5.325922, 5.318847, 5.302786, 5.292583, 5.283460, 5.281302, 5.280679, 5.269663, ]);
top8.push([0, 181, 252, 157, 134, 11, 159, 49, ]);
top8probs.push([5.328490, 5.295905, 5.278303, 5.277880, 5.269662, 5.266922, 5.262079, 5.254365, ]);
top8.push([9, 101, 76, 58, 1, 91, 60, 122, ]);
top8probs.push([5.296076, 5.266003, 5.249664, 5.245574, 5.224508, 5.223040, 5.216086, 5.211960, ]);
top8.push([124, 26, 107, 17, 117, 154, 22, 109, ]);
top8probs.push([5.348665, 5.332454, 5.301665, 5.263453, 5.261932, 5.255053, 5.253195, 5.246943, ]);
top8.push([56, 129, 74, 170, 249, 54, 43, 147, ]);
top8probs.push([5.354532, 5.243380, 5.229117, 5.221994, 5.217851, 5.217377, 5.211519, 5.206989, ]);
top8.push([208, 183, 240, 82, 77, 236, 181, 75, ]);
top8probs.push([5.422893, 5.400494, 5.289668, 5.278207, 5.258178, 5.222832, 5.218201, 5.208574, ]);
top8.push([3, 93, 102, 185, 100, 146, 155, 168, ]);
top8probs.push([5.285328, 5.269068, 5.259241, 5.255917, 5.254258, 5.253839, 5.249942, 5.247789, ]);
top8.push([55, 177, 157, 13, 242, 67, 156, 214, ]);
top8probs.push([5.422805, 5.354229, 5.309642, 5.290809, 5.285104, 5.271697, 5.265066, 5.263658, ]);
top8.push([45, 233, 254, 246, 151, 190, 32, 62, ]);
top8probs.push([5.394257, 5.328954, 5.323062, 5.303794, 5.302054, 5.300101, 5.286139, 5.285187, ]);
top8.push([56, 143, 156, 242, 226, 155, 24, 65, ]);
top8probs.push([5.423116, 5.340949, 5.336335, 5.312687, 5.293187, 5.286930, 5.283844, 5.283343, ]);
top8.push([200, 178, 37, 129, 140, 243, 170, 73, ]);
top8probs.push([5.438373, 5.421588, 5.370125, 5.287369, 5.277235, 5.272960, 5.268855, 5.261866, ]);
top8.push([225, 132, 201, 251, 35, 105, 50, 4, ]);
top8probs.push([5.316586, 5.303842, 5.276798, 5.271331, 5.269530, 5.269220, 5.267024, 5.266354, ]);
top8.push([160, 81, 216, 175, 152, 71, 150, 87, ]);
top8probs.push([5.459938, 5.407244, 5.389605, 5.322868, 5.321760, 5.317611, 5.303708, 5.302366, ]);
top8.push([169, 24, 226, 21, 212, 177, 120, 223, ]);
top8probs.push([5.207485, 5.184839, 5.160592, 5.158089, 5.148525, 5.145658, 5.135855, 5.130964, ]);
top8.push([55, 173, 171, 208, 246, 79, 121, 19, ]);
top8probs.push([5.588416, 5.471047, 5.347822, 5.299794, 5.279157, 5.272072, 5.268610, 5.268104, ]);
top8.push([49, 18, 11, 179, 65, 122, 157, 34, ]);
top8probs.push([5.318644, 5.305255, 5.305188, 5.291447, 5.290648, 5.289157, 5.286928, 5.286135, ]);
top8.push([77, 76, 2, 109, 14, 187, 64, 122, ]);
top8probs.push([5.449626, 5.437435, 5.266659, 5.256038, 5.245701, 5.235713, 5.235215, 5.232134, ]);
top8.push([77, 92, 164, 106, 117, 75, 238, 250, ]);
top8probs.push([5.300424, 5.292299, 5.272741, 5.250984, 5.246045, 5.245747, 5.237513, 5.231247, ]);
top8.push([12, 27, 216, 46, 96, 209, 125, 52, ]);
top8probs.push([5.438868, 5.372350, 5.329645, 5.286300, 5.284232, 5.275379, 5.271049, 5.255384, ]);
top8.push([39, 232, 168, 62, 182, 37, 226, 61, ]);
top8probs.push([5.355749, 5.255216, 5.236413, 5.232577, 5.232418, 5.231937, 5.230500, 5.230171, ]);
top8.push([3, 102, 155, 150, 168, 133, 185, 207, ]);
top8probs.push([5.335558, 5.292611, 5.278992, 5.276675, 5.256962, 5.255964, 5.248496, 5.247204, ]);
top8.push([55, 177, 157, 67, 13, 46, 121, 246, ]);
top8probs.push([5.447148, 5.358230, 5.306000, 5.278920, 5.275307, 5.273036, 5.268724, 5.264836, ]);
top8.push([173, 151, 233, 246, 191, 19, 63, 35, ]);
top8probs.push([5.530581, 5.382793, 5.372501, 5.368641, 5.350562, 5.345103, 5.345085, 5.343544, ]);
top8.push([56, 143, 156, 226, 176, 242, 158, 239, ]);
top8probs.push([5.456269, 5.308725, 5.302312, 5.287242, 5.272041, 5.268161, 5.267869, 5.266013, ]);
top8.push([200, 110, 94, 195, 243, 78, 67, 47, ]);
top8probs.push([5.502836, 5.341345, 5.330829, 5.298796, 5.296050, 5.290672, 5.290102, 5.287846, ]);
top8.push([235, 89, 196, 112, 179, 64, 34, 182, ]);
top8probs.push([5.378476, 5.321680, 5.302626, 5.299650, 5.296329, 5.293957, 5.292946, 5.292629, ]);
top8.push([6, 137, 215, 102, 20, 196, 206, 204, ]);
top8probs.push([5.358057, 5.310895, 5.309743, 5.294724, 5.277402, 5.264601, 5.259659, 5.242510, ]);
top8.push([49, 11, 228, 36, 174, 65, 154, 18, ]);
top8probs.push([5.321362, 5.309544, 5.304886, 5.300845, 5.291187, 5.290154, 5.287534, 5.284491, ]);
top8.push([76, 77, 2, 158, 187, 64, 193, 109, ]);
top8probs.push([5.417885, 5.388577, 5.255913, 5.245376, 5.237311, 5.229656, 5.225327, 5.225248, ]);
top8.push([92, 168, 146, 3, 185, 175, 155, 93, ]);
top8probs.push([5.298368, 5.271873, 5.269138, 5.262787, 5.262181, 5.260558, 5.257623, 5.257578, ]);
top8.push([55, 177, 157, 13, 46, 67, 246, 191, ]);
top8probs.push([5.464962, 5.366139, 5.304438, 5.290462, 5.289714, 5.287139, 5.281295, 5.280392, ]);
top8.push([45, 151, 254, 190, 233, 246, 32, 62, ]);
top8probs.push([5.407108, 5.334274, 5.324366, 5.324302, 5.317832, 5.317329, 5.301518, 5.294730, ]);
top8.push([56, 156, 143, 24, 232, 36, 65, 226, ]);
top8probs.push([5.393164, 5.327916, 5.321920, 5.302526, 5.292406, 5.284000, 5.278227, 5.271547, ]);
top8.push([200, 68, 129, 255, 243, 90, 13, 1, ]);
top8probs.push([5.432088, 5.280035, 5.268916, 5.268621, 5.266567, 5.265013, 5.257509, 5.255894, ]);
top8.push([37, 170, 17, 36, 15, 53, 74, 24, ]);
top8probs.push([5.301232, 5.290921, 5.285726, 5.275648, 5.265115, 5.261915, 5.255665, 5.253057, ]);
top8.push([100, 8, 186, 203, 245, 199, 46, 204, ]);
top8probs.push([5.373158, 5.343570, 5.234066, 5.219651, 5.200885, 5.193840, 5.189799, 5.182374, ]);
top8.push([37, 147, 123, 61, 45, 10, 171, 33, ]);
top8probs.push([5.353379, 5.322582, 5.319052, 5.315605, 5.280208, 5.278062, 5.274631, 5.265334, ]);
top8.push([225, 201, 132, 36, 220, 167, 163, 207, ]);
top8probs.push([5.329562, 5.322038, 5.298198, 5.284311, 5.276184, 5.273963, 5.273728, 5.269780, ]);
top8.push([160, 81, 175, 71, 150, 189, 201, 153, ]);
top8probs.push([5.464308, 5.446166, 5.355647, 5.329839, 5.324372, 5.319831, 5.317441, 5.316875, ]);
top8.push([3, 63, 102, 121, 131, 21, 232, 226, ]);
top8probs.push([5.262729, 5.239986, 5.227365, 5.216673, 5.214171, 5.206135, 5.205815, 5.203713, ]);
top8.push([55, 13, 61, 177, 157, 246, 82, 156, ]);
top8probs.push([5.460482, 5.297862, 5.297297, 5.292897, 5.292265, 5.281217, 5.279444, 5.263139, ]);
top8.push([173, 246, 191, 63, 118, 19, 117, 87, ]);
top8probs.push([5.527042, 5.369947, 5.349604, 5.344016, 5.338484, 5.324148, 5.323953, 5.320457, ]);
top8.push([124, 174, 109, 2, 107, 121, 78, 16, ]);
top8probs.push([5.420118, 5.353949, 5.338516, 5.336329, 5.301463, 5.281819, 5.277377, 5.276216, ]);
top8.push([56, 77, 43, 86, 192, 163, 127, 95, ]);
top8probs.push([5.300172, 5.274890, 5.273022, 5.246809, 5.246789, 5.245719, 5.239905, 5.239274, ]);
top8.push([72, 94, 171, 77, 104, 45, 85, 181, ]);
top8probs.push([5.315297, 5.308141, 5.258179, 5.257357, 5.250803, 5.249821, 5.232906, 5.230494, ]);
top8.push([12, 27, 244, 96, 24, 5, 106, 198, ]);
top8probs.push([5.453346, 5.385268, 5.294333, 5.277689, 5.265047, 5.264540, 5.262947, 5.261773, ]);
top8.push([172, 1, 232, 9, 96, 236, 31, 73, ]);
top8probs.push([5.231399, 5.209590, 5.204421, 5.203792, 5.201217, 5.201056, 5.198988, 5.198213, ]);
top8.push([39, 104, 250, 226, 253, 195, 15, 197, ]);
top8probs.push([5.316752, 5.288104, 5.259473, 5.257358, 5.257264, 5.252271, 5.251182, 5.250353, ]);
top8.push([3, 150, 102, 155, 146, 133, 201, 175, ]);
top8probs.push([5.341895, 5.312957, 5.283367, 5.282212, 5.276214, 5.268529, 5.264333, 5.261342, ]);
top8.push([55, 177, 157, 67, 46, 13, 246, 56, ]);
top8probs.push([5.456157, 5.356419, 5.307509, 5.288707, 5.282428, 5.276287, 5.275349, 5.273206, ]);
top8.push([173, 151, 233, 246, 191, 63, 35, 55, ]);
top8probs.push([5.524693, 5.381668, 5.368978, 5.367477, 5.348800, 5.344577, 5.336307, 5.335530, ]);
top8.push([56, 156, 143, 226, 242, 176, 113, 158, ]);
top8probs.push([5.456439, 5.300215, 5.299124, 5.292766, 5.272791, 5.272606, 5.267920, 5.265179, ]);
top8.push([145, 200, 129, 214, 255, 15, 84, 243, ]);
top8probs.push([5.569086, 5.478840, 5.297739, 5.291129, 5.257832, 5.257622, 5.254737, 5.254431, ]);
top8.push([3, 168, 93, 155, 185, 150, 146, 221, ]);
top8probs.push([5.296497, 5.267328, 5.266928, 5.264107, 5.263880, 5.258832, 5.248556, 5.248381, ]);
top8.push([55, 177, 157, 67, 13, 246, 156, 233, ]);
top8probs.push([5.378038, 5.339083, 5.296986, 5.289790, 5.282716, 5.274240, 5.269613, 5.268756, ]);
top8.push([151, 233, 246, 173, 254, 160, 124, 87, ]);
top8probs.push([5.358186, 5.352216, 5.345973, 5.339336, 5.338721, 5.336449, 5.331789, 5.328879, ]);
top8.push([2, 157, 65, 78, 255, 144, 14, 176, ]);
top8probs.push([5.314250, 5.307409, 5.288163, 5.284470, 5.279847, 5.279625, 5.277837, 5.277416, ]);
top8.push([200, 84, 236, 31, 77, 197, 178, 62, ]);
top8probs.push([5.317395, 5.309475, 5.277675, 5.273113, 5.263863, 5.259354, 5.258836, 5.249645, ]);
top8.push([8, 9, 125, 114, 100, 232, 80, 219, ]);
top8probs.push([5.394739, 5.280166, 5.267136, 5.256649, 5.243548, 5.207799, 5.199445, 5.195526, ]);
top8.push([249, 3, 150, 118, 102, 132, 99, 133, ]);
top8probs.push([5.361497, 5.311460, 5.284708, 5.277278, 5.266271, 5.253779, 5.253653, 5.253224, ]);
top8.push([55, 177, 157, 13, 67, 246, 233, 156, ]);
top8probs.push([5.378712, 5.337218, 5.300312, 5.280037, 5.277531, 5.266876, 5.264793, 5.261565, ]);
top8.push([45, 190, 254, 246, 151, 233, 32, 62, ]);
top8probs.push([5.395007, 5.336549, 5.324632, 5.314657, 5.314122, 5.308757, 5.303448, 5.300854, ]);
top8.push([56, 156, 143, 226, 24, 232, 65, 180, ]);
top8probs.push([5.389994, 5.326979, 5.320138, 5.301392, 5.287753, 5.281005, 5.276163, 5.268710, ]);
top8.push([200, 9, 58, 84, 101, 3, 92, 8, ]);
top8probs.push([5.357924, 5.316453, 5.289734, 5.214305, 5.212955, 5.212773, 5.211109, 5.203281, ]);
top8.push([217, 123, 68, 50, 131, 44, 31, 2, ]);
top8probs.push([5.416313, 5.286553, 5.257326, 5.243153, 5.219601, 5.205975, 5.193319, 5.177811, ]);
top8.push([124, 26, 109, 22, 107, 169, 174, 4, ]);
top8probs.push([5.356973, 5.340702, 5.304544, 5.287327, 5.281409, 5.274011, 5.243300, 5.232821, ]);
top8.push([142, 129, 70, 144, 202, 54, 231, 16, ]);
top8probs.push([5.322882, 5.302355, 5.288354, 5.282098, 5.281857, 5.274894, 5.267840, 5.263751, ]);
top8.push([112, 229, 121, 238, 221, 237, 17, 0, ]);
top8probs.push([5.577340, 5.202240, 5.197690, 5.177631, 5.163345, 5.157382, 5.140013, 5.136664, ]);
top8.push([7, 237, 205, 124, 174, 105, 121, 165, ]);
top8probs.push([5.320863, 5.317357, 5.304253, 5.299859, 5.280550, 5.276241, 5.273562, 5.271162, ]);
top8.push([50, 77, 68, 92, 44, 35, 95, 43, ]);
top8probs.push([5.386072, 5.359015, 5.314656, 5.272333, 5.265811, 5.252032, 5.248580, 5.245992, ]);
top8.push([227, 104, 30, 253, 80, 110, 98, 241, ]);
top8probs.push([5.359681, 5.328875, 5.312456, 5.306518, 5.273216, 5.234036, 5.233786, 5.231429, ]);
top8.push([49, 11, 157, 228, 34, 64, 251, 224, ]);
top8probs.push([5.303147, 5.302379, 5.297185, 5.297113, 5.295483, 5.294347, 5.286325, 5.283438, ]);
top8.push([26, 138, 41, 184, 35, 59, 94, 39, ]);
top8probs.push([5.275653, 5.258965, 5.258693, 5.250834, 5.247332, 5.245693, 5.245395, 5.244603, ]);
top8.push([150, 146, 185, 168, 3, 102, 175, 93, ]);
top8probs.push([5.317937, 5.304857, 5.288693, 5.288457, 5.286057, 5.285455, 5.277532, 5.273091, ]);
top8.push([55, 177, 157, 67, 13, 191, 156, 246, ]);
top8probs.push([5.415735, 5.348476, 5.299574, 5.283543, 5.281075, 5.267045, 5.265615, 5.265017, ]);
top8.push([45, 233, 151, 254, 190, 246, 32, 63, ]);
top8probs.push([5.380397, 5.323015, 5.318318, 5.315887, 5.311814, 5.311435, 5.297180, 5.290852, ]);
top8.push([56, 156, 143, 226, 24, 232, 155, 65, ]);
top8probs.push([5.393075, 5.329825, 5.315907, 5.288713, 5.287179, 5.285088, 5.279800, 5.277400, ]);
top8.push([200, 84, 129, 31, 37, 77, 58, 13, ]);
top8probs.push([5.398516, 5.304764, 5.302895, 5.283974, 5.281543, 5.272145, 5.260672, 5.249799, ]);
top8.push([37, 115, 99, 74, 5, 15, 182, 170, ]);
top8probs.push([5.281665, 5.279313, 5.268623, 5.261419, 5.259533, 5.259374, 5.257776, 5.254158, ]);
top8.push([100, 8, 186, 199, 245, 204, 203, 167, ]);
top8probs.push([5.399071, 5.350833, 5.258830, 5.212313, 5.198040, 5.195950, 5.182659, 5.178421, ]);
top8.push([37, 61, 45, 147, 33, 10, 35, 123, ]);
top8probs.push([5.362245, 5.268288, 5.260950, 5.260202, 5.252099, 5.244065, 5.237749, 5.229240, ]);
top8.push([32, 36, 236, 246, 127, 209, 62, 17, ]);
top8probs.push([5.484572, 5.306082, 5.299365, 5.293234, 5.284096, 5.283986, 5.283291, 5.275717, ]);
top8.push([203, 39, 59, 84, 234, 248, 80, 232, ]);
top8probs.push([5.306324, 5.242996, 5.222354, 5.220338, 5.215640, 5.213274, 5.198884, 5.194553, ]);
top8.push([230, 99, 237, 53, 246, 188, 222, 65, ]);
top8probs.push([5.669599, 5.400624, 5.386287, 5.361197, 5.349226, 5.332100, 5.315495, 5.314667, ]);
top8.push([235, 89, 239, 38, 11, 179, 34, 201, ]);
top8probs.push([5.365220, 5.316302, 5.296062, 5.294642, 5.293377, 5.290224, 5.289880, 5.288587, ]);
top8.push([172, 80, 203, 243, 6, 96, 196, 210, ]);
top8probs.push([5.355737, 5.284024, 5.247932, 5.235248, 5.226420, 5.203276, 5.203136, 5.196279, ]);
top8.push([230, 6, 171, 255, 102, 244, 203, 207, ]);
top8probs.push([5.384748, 5.269567, 5.242937, 5.233755, 5.223303, 5.223243, 5.216808, 5.213672, ]);
top8.push([174, 124, 205, 107, 79, 130, 99, 121, ]);
top8probs.push([5.482150, 5.393809, 5.392989, 5.331264, 5.299925, 5.283514, 5.281538, 5.280219, ]);
top8.push([56, 74, 54, 95, 209, 43, 121, 38, ]);
top8probs.push([5.310483, 5.229236, 5.226132, 5.217344, 5.217111, 5.211738, 5.211010, 5.209069, ]);
top8.push([183, 208, 50, 90, 77, 240, 236, 82, ]);
top8probs.push([5.289653, 5.282300, 5.273077, 5.226130, 5.220376, 5.218954, 5.210243, 5.208610, ]);
top8.push([235, 105, 35, 98, 89, 251, 25, 241, ]);
top8probs.push([5.334317, 5.318283, 5.317670, 5.305470, 5.299533, 5.297588, 5.294330, 5.292393, ]);
top8.push([215, 137, 20, 6, 80, 102, 142, 149, ]);
top8probs.push([5.398951, 5.310555, 5.302582, 5.294641, 5.291820, 5.278193, 5.266734, 5.262995, ]);
top8.push([61, 117, 245, 177, 134, 123, 107, 167, ]);
top8probs.push([5.274218, 5.189972, 5.184046, 5.180752, 5.172546, 5.165073, 5.159149, 5.158692, ]);
top8.push([94, 123, 224, 165, 204, 221, 118, 231, ]);
top8probs.push([5.563199, 5.474796, 5.371670, 5.357818, 5.308544, 5.306449, 5.303149, 5.289907, ]);
top8.push([142, 198, 133, 146, 117, 241, 221, 202, ]);
top8probs.push([5.377832, 5.340875, 5.331543, 5.317696, 5.317430, 5.304492, 5.290428, 5.289151, ]);
top8.push([181, 48, 249, 159, 41, 55, 52, 61, ]);
top8probs.push([5.418926, 5.337833, 5.291647, 5.287218, 5.275940, 5.272723, 5.261736, 5.247720, ]);
top8.push([151, 169, 146, 226, 81, 158, 168, 71, ]);
top8probs.push([5.204285, 5.185890, 5.156247, 5.155780, 5.154456, 5.148069, 5.146682, 5.146349, ]);
top8.push([55, 173, 171, 117, 79, 208, 246, 154, ]);
top8probs.push([5.655853, 5.463805, 5.339294, 5.292119, 5.275243, 5.274553, 5.265974, 5.264864, ]);
top8.push([18, 49, 64, 11, 34, 179, 79, 187, ]);
top8probs.push([5.331091, 5.326379, 5.303267, 5.294869, 5.291375, 5.288011, 5.285387, 5.285212, ]);
top8.push([226, 146, 169, 126, 212, 26, 138, 128, ]);
top8probs.push([5.279627, 5.257308, 5.256591, 5.244411, 5.243624, 5.242912, 5.239425, 5.232887, ]);
top8.push([55, 189, 171, 208, 5, 67, 173, 65, ]);
top8probs.push([5.643791, 5.366007, 5.344107, 5.303750, 5.302821, 5.287631, 5.286739, 5.282190, ]);
top8.push([157, 122, 0, 49, 239, 187, 65, 179, ]);
top8probs.push([5.299113, 5.297825, 5.292755, 5.289896, 5.284824, 5.284793, 5.283890, 5.280476, ]);
top8.push([3, 93, 58, 185, 155, 132, 168, 92, ]);
top8probs.push([5.291875, 5.261440, 5.257038, 5.256541, 5.256113, 5.242084, 5.240942, 5.237239, ]);
top8.push([55, 177, 157, 156, 121, 246, 67, 13, ]);
top8probs.push([5.451322, 5.359707, 5.301171, 5.283289, 5.281443, 5.277911, 5.277795, 5.276817, ]);
top8.push([45, 233, 246, 254, 55, 190, 32, 151, ]);
top8probs.push([5.358891, 5.315493, 5.307899, 5.302757, 5.292420, 5.289347, 5.281881, 5.280576, ]);
top8.push([212, 206, 117, 65, 88, 155, 106, 24, ]);
top8probs.push([5.278984, 5.252418, 5.250587, 5.244048, 5.241987, 5.238614, 5.236465, 5.236392, ]);
top8.push([200, 178, 37, 17, 128, 84, 129, 170, ]);
top8probs.push([5.455796, 5.377307, 5.358215, 5.292132, 5.285345, 5.281282, 5.278881, 5.278843, ]);
top8.push([235, 200, 251, 240, 35, 34, 132, 179, ]);
top8probs.push([5.347735, 5.305859, 5.305488, 5.294955, 5.289671, 5.284763, 5.284349, 5.283525, ]);
top8.push([56, 8, 232, 172, 204, 50, 184, 225, ]);
top8probs.push([5.285000, 5.228016, 5.226037, 5.216267, 5.211902, 5.209136, 5.207272, 5.206848, ]);
top8.push([61, 247, 37, 33, 236, 204, 120, 201, ]);
top8probs.push([5.355239, 5.327497, 5.315939, 5.291907, 5.249851, 5.248258, 5.232307, 5.231531, ]);
top8.push([142, 198, 42, 253, 146, 202, 85, 201, ]);
top8probs.push([5.354258, 5.298573, 5.296074, 5.289429, 5.288100, 5.282452, 5.278237, 5.277227, ]);
top8.push([181, 48, 249, 157, 52, 159, 41, 55, ]);
top8probs.push([5.400167, 5.320022, 5.293453, 5.266210, 5.265758, 5.262229, 5.260207, 5.250889, ]);
top8.push([151, 169, 146, 226, 81, 158, 168, 138, ]);
top8probs.push([5.192487, 5.188344, 5.165806, 5.165386, 5.156720, 5.155519, 5.153842, 5.147512, ]);
top8.push([55, 173, 171, 208, 117, 154, 79, 246, ]);
top8probs.push([5.663363, 5.464716, 5.364364, 5.298898, 5.298244, 5.280373, 5.276522, 5.271778, ]);
top8.push([49, 18, 11, 157, 179, 64, 239, 187, ]);
top8probs.push([5.318782, 5.302775, 5.294785, 5.294621, 5.290324, 5.285913, 5.285096, 5.284509, ]);
top8.push([226, 146, 26, 169, 126, 128, 212, 138, ]);
top8probs.push([5.285675, 5.247212, 5.246834, 5.246666, 5.234967, 5.233651, 5.231268, 5.230577, ]);
top8.push([55, 189, 171, 208, 5, 173, 67, 65, ]);
top8probs.push([5.619174, 5.347313, 5.340898, 5.306873, 5.293329, 5.290055, 5.287943, 5.284292, ]);
top8.push([2, 157, 56, 176, 65, 14, 88, 70, ]);
top8probs.push([5.372681, 5.311441, 5.306215, 5.284816, 5.283210, 5.279528, 5.275113, 5.274662, ]);
top8.push([94, 77, 69, 236, 2, 70, 200, 39, ]);
top8probs.push([5.311901, 5.307045, 5.296685, 5.289775, 5.271567, 5.263661, 5.240585, 5.238831, ]);
top8.push([3, 150, 146, 185, 102, 106, 141, 155, ]);
top8probs.push([5.291479, 5.288574, 5.286052, 5.274316, 5.267018, 5.257962, 5.255459, 5.255359, ]);
top8.push([55, 177, 157, 13, 233, 156, 67, 246, ]);
top8probs.push([5.458377, 5.380527, 5.316637, 5.290598, 5.286303, 5.277527, 5.277480, 5.276268, ]);
top8.push([45, 233, 254, 190, 246, 151, 55, 32, ]);
top8probs.push([5.366881, 5.333186, 5.318452, 5.317890, 5.315037, 5.298636, 5.297984, 5.297846, ]);
top8.push([56, 156, 143, 226, 24, 232, 65, 117, ]);
top8probs.push([5.373167, 5.345860, 5.339822, 5.300725, 5.299570, 5.298548, 5.289843, 5.284824, ]);
top8.push([200, 178, 37, 170, 129, 128, 73, 243, ]);
top8probs.push([5.447043, 5.437503, 5.394422, 5.300087, 5.297070, 5.289731, 5.278615, 5.271466, ]);
top8.push([50, 216, 8, 139, 88, 1, 58, 44, ]);
top8probs.push([5.447795, 5.313857, 5.255906, 5.243630, 5.233648, 5.230725, 5.213166, 5.211308, ]);
top8.push([201, 225, 123, 251, 15, 133, 163, 164, ]);
top8probs.push([5.375574, 5.312724, 5.286389, 5.278317, 5.272596, 5.268093, 5.267018, 5.265384, ]);
top8.push([160, 81, 240, 123, 251, 175, 201, 150, ]);
top8probs.push([5.488931, 5.449884, 5.362958, 5.359970, 5.357343, 5.343307, 5.342178, 5.334463, ]);
top8.push([3, 63, 102, 121, 21, 226, 87, 131, ]);
top8probs.push([5.266625, 5.239530, 5.225152, 5.209320, 5.209210, 5.208907, 5.207147, 5.206127, ]);
top8.push([55, 157, 177, 13, 61, 246, 156, 82, ]);
top8probs.push([5.430445, 5.291396, 5.284181, 5.281025, 5.273046, 5.264750, 5.258275, 5.256256, ]);
top8.push([173, 246, 191, 63, 118, 19, 87, 139, ]);
top8probs.push([5.528684, 5.355875, 5.338490, 5.328002, 5.327975, 5.321306, 5.320459, 5.317924, ]);
top8.push([2, 14, 157, 47, 65, 78, 176, 144, ]);
top8probs.push([5.333099, 5.297206, 5.290877, 5.289745, 5.288146, 5.286845, 5.282072, 5.281970, ]);
top8.push([69, 86, 84, 200, 236, 77, 184, 110, ]);
top8probs.push([5.507619, 5.410896, 5.396846, 5.344625, 5.326252, 5.309872, 5.269679, 5.268046, ]);
top8.push([178, 170, 5, 238, 72, 73, 197, 10, ]);
top8probs.push([5.461349, 5.357151, 5.339162, 5.322014, 5.310787, 5.291210, 5.288488, 5.287307, ]);
top8.push([172, 8, 216, 76, 29, 207, 80, 13, ]);
top8probs.push([5.271680, 5.262511, 5.240434, 5.208616, 5.208577, 5.200535, 5.198850, 5.198428, ]);
top8.push([195, 110, 94, 241, 126, 152, 15, 182, ]);
top8probs.push([5.348836, 5.318811, 5.307993, 5.297891, 5.291477, 5.290086, 5.288655, 5.278468, ]);
top8.push([133, 142, 112, 198, 137, 202, 241, 201, ]);
top8probs.push([5.320301, 5.317537, 5.293974, 5.285428, 5.282230, 5.282151, 5.281998, 5.276761, ]);
top8.push([181, 48, 249, 52, 159, 55, 41, 157, ]);
top8probs.push([5.406446, 5.311256, 5.290632, 5.265661, 5.259917, 5.259772, 5.258154, 5.256367, ]);
top8.push([169, 151, 226, 146, 26, 158, 81, 168, ]);
top8probs.push([5.194621, 5.193902, 5.165177, 5.158932, 5.150825, 5.150774, 5.150524, 5.149090, ]);
top8.push([55, 173, 171, 208, 117, 79, 154, 246, ]);
top8probs.push([5.677189, 5.458998, 5.354177, 5.297960, 5.281436, 5.277116, 5.266911, 5.266568, ]);
top8.push([18, 49, 157, 64, 79, 11, 179, 34, ]);
top8probs.push([5.317406, 5.315345, 5.295646, 5.292387, 5.290982, 5.290631, 5.286660, 5.285929, ]);
top8.push([226, 26, 169, 128, 146, 138, 126, 212, ]);
top8probs.push([5.273029, 5.250737, 5.250371, 5.236189, 5.234812, 5.233196, 5.231103, 5.224908, ]);
top8.push([55, 171, 189, 208, 5, 67, 173, 65, ]);
top8probs.push([5.647092, 5.351059, 5.350049, 5.311316, 5.294897, 5.289686, 5.287568, 5.281340, ]);
top8.push([124, 174, 109, 2, 107, 192, 88, 16, ]);
top8probs.push([5.407760, 5.371763, 5.362745, 5.343817, 5.298517, 5.289543, 5.280462, 5.270615, ]);
top8.push([128, 115, 192, 16, 116, 146, 113, 156, ]);
top8probs.push([5.522639, 5.346262, 5.233613, 5.229619, 5.219209, 5.207731, 5.207722, 5.207340, ]);
top8.push([9, 92, 1, 197, 232, 253, 3, 224, ]);
top8probs.push([5.348635, 5.257981, 5.254129, 5.214632, 5.214530, 5.208291, 5.199930, 5.196384, ]);
top8.push([113, 233, 228, 11, 29, 179, 64, 240, ]);
top8probs.push([5.283445, 5.276356, 5.258532, 5.256773, 5.256388, 5.251696, 5.250789, 5.250021, ]);
top8.push([77, 2, 86, 184, 35, 103, 23, 145, ]);
top8probs.push([5.300337, 5.284511, 5.279544, 5.270648, 5.263865, 5.261995, 5.254418, 5.253292, ]);
top8.push([242, 167, 225, 111, 51, 85, 185, 35, ]);
top8probs.push([5.328292, 5.300093, 5.299523, 5.294221, 5.281152, 5.277221, 5.276816, 5.272931, ]);
top8.push([160, 81, 175, 150, 113, 116, 189, 173, ]);
top8probs.push([5.454618, 5.413939, 5.354755, 5.338659, 5.335280, 5.327108, 5.316367, 5.311961, ]);
top8.push([178, 37, 21, 108, 57, 255, 1, 170, ]);
top8probs.push([5.402981, 5.374293, 5.337291, 5.294541, 5.291846, 5.284344, 5.277210, 5.275607, ]);
top8.push([32, 50, 211, 139, 161, 209, 219, 194, ]);
top8probs.push([5.439718, 5.326901, 5.276289, 5.274343, 5.270134, 5.266128, 5.265550, 5.265333, ]);
