
254 43 255 235 18 29 34 226
254 43 255 235 18 29 34 226
169 100 198 33 7 175 206 160
97 226 201 128 116 88 223 232
54 126 197 68 210 43 36 96
49 79 64 11 252 18 29 228
77 94 44 54 39 56 2 26
27 208 183 12 82 30 33 204
0 101 253 1 31 255 9 245
135 127 224 23 53 98 156 250
186 100 114 92 234 211 3 93
91 196 67 92 80 39 98 147
235 35 103 179 17 171 153 233
247 215 6 20 218 91 219 204
236 131 61 53 165 216 237 241
11 235 179 35 239 140 38 81
215 137 6 206 102 80 149 20
117 99 101 102 46 217 218 48
169 217 147 42 188 142 230 107
181 48 55 252 159 249 220 242
151 169 146 158 26 212 226 81
55 173 171 189 151 117 79 208
49 18 11 126 64 179 79 239
226 169 212 26 121 60 138 126
55 189 171 208 173 67 5 151
0 122 49 157 239 65 187 179
169 226 212 26 138 60 137 230
55 171 46 175 208 246 177 45
56 156 143 57 111 212 122 152
200 84 9 92 70 39 2 95
82 142 55 198 104 107 149 32
174 181 205 124 55 134 252 249
249 48 163 54 144 9 70 28
112 121 229 238 237 221 7 143
7 115 179 49 34 122 64 138
69 86 2 77 94 91 35 209
36 51 31 182 33 26 98 4
27 208 183 90 30 238 250 249
9 92 0 159 95 183 85 255
124 26 107 22 2 169 86 220
77 110 230 167 249 129 84 43
27 52 188 126 147 76 88 44
92 227 101 100 245 114 104 232
69 86 123 233 126 59 62 218
89 235 120 105 10 57 179 49
247 20 215 6 39 219 91 228
236 131 61 53 165 216 241 237
32 209 90 62 66 180 138 201
80 119 236 210 134 137 102 196
117 99 101 102 46 80 217 35
167 245 101 178 44 169 58 199
174 124 205 107 130 79 121 38
12 69 96 16 127 214 246 64
120 127 155 20 26 166 161 63
243 1 94 132 44 33 232 234
89 235 30 179 34 109 239 38
215 6 247 199 243 248 102 203
196 147 62 53 153 165 237 182
235 179 38 239 89 182 11 81
6 49 247 215 155 137 225 158
99 52 147 62 217 206 13 85
162 47 13 92 152 147 78 91
104 181 55 218 235 214 219 38
104 6 218 247 215 133 219 149
82 61 140 177 186 236 217 131
49 18 11 109 228 64 252 174
9 91 1 76 54 236 197 68
124 26 109 22 17 107 154 117
56 129 54 74 170 43 249 41
0 183 85 208 228 159 115 156
235 231 91 84 89 200 209 28
247 20 215 6 91 39 218 45
31 61 13 230 223 172 98 241
17 170 37 24 55 36 74 180
224 104 227 46 236 223 251 235
215 6 102 243 100 227 224 226
196 153 237 53 147 62 165 241
38 239 90 81 23 179 140 19
137 6 215 206 20 80 149 102
117 99 101 102 46 218 125 229
37 188 94 61 33 78 152 110
32 236 230 36 17 246 209 62
134 119 236 49 41 225 185 155
99 52 62 217 13 85 206 147
162 13 47 152 78 92 172 126
169 142 133 198 42 82 107 201
181 174 134 205 55 252 124 249
128 115 116 192 16 141 66 232
96 50 9 3 39 77 109 197
49 113 11 29 64 228 18 251
27 12 144 149 247 82 106 164
44 47 0 60 253 227 31 95
69 105 165 77 237 98 211 21
142 120 253 169 198 254 215 241
181 48 249 41 52 159 242 55
151 169 158 81 26 138 185 3
55 173 171 208 117 189 79 151
49 11 179 65 121 196 144 157
169 226 212 138 26 121 137 60
55 189 171 208 5 67 173 65
56 143 156 242 111 116 122 176
200 129 1 68 172 255 140 90
39 125 48 55 171 154 17 195
32 125 50 250 209 72 35 98
44 203 210 227 236 167 172 252
203 149 199 80 204 102 100 215
174 205 107 124 109 79 116 121
56 43 77 2 163 127 86 95
92 9 58 72 7 1 253 104
11 64 49 179 115 228 34 238
235 89 35 231 57 38 176 200
215 6 20 137 102 206 247 149
178 37 117 170 154 36 138 197
8 216 61 167 203 114 149 19
94 123 224 165 204 118 221 67
142 198 133 241 146 221 117 4
181 48 249 41 159 55 52 131
151 169 158 226 81 71 168 146
55 173 171 208 117 189 79 151
49 18 11 126 122 64 179 65
226 169 212 126 26 121 137 138
55 189 171 208 5 173 65 67
122 157 0 239 49 65 187 179
226 169 212 146 26 230 138 137
55 171 175 45 208 46 246 32
109 2 124 107 174 88 57 121
142 84 144 54 70 231 9 200
112 229 121 238 221 237 17 143
7 115 122 179 36 0 121 138
2 77 86 184 35 76 96 122
169 146 226 100 212 171 201 220
55 171 175 46 177 45 246 208
178 57 37 24 170 108 128 255
96 8 211 35 251 140 145 14
169 226 81 146 201 220 150 100
55 46 67 154 171 157 121 181
151 160 210 83 45 72 54 175
22 155 21 24 44 30 159 104
173 23 164 157 66 71 103 120
56 2 23 157 126 65 10 47
69 86 84 200 236 77 110 184
178 170 5 72 238 10 73 197
226 146 169 201 100 150 220 138
55 160 171 175 189 46 151 163
22 155 226 7 21 157 24 211
169 120 164 226 157 129 158 66
55 173 171 79 208 154 67 117
49 11 157 18 179 228 34 65
44 77 26 2 94 1 58 126
69 183 208 77 231 197 127 28
20 155 127 26 168 172 161 162
243 201 132 225 242 248 163 133
81 160 243 132 240 251 118 201
22 21 155 226 24 223 74 159
169 120 129 177 233 226 157 247
55 173 171 208 79 67 246 117
247 47 122 97 163 133 32 57
164 169 233 137 226 218 128 247
55 173 189 171 208 79 5 67
49 157 18 11 179 29 65 228
2 77 56 26 86 88 234 184
92 9 58 1 253 80 88 95
233 239 179 115 251 244 202 228
40 50 172 231 35 121 74 197
124 208 240 205 174 105 183 227
9 92 42 80 253 58 66 159
111 233 175 251 191 244 179 115
169 146 226 212 138 175 81 220
55 175 171 46 246 177 45 32
178 37 57 24 170 128 108 48
155 132 3 102 92 93 118 219
55 177 157 13 56 214 46 220
160 151 246 233 205 138 83 210
22 21 155 24 104 226 44 159
173 23 157 164 66 98 120 71
56 143 242 164 156 23 165 157
69 200 84 86 243 2 110 131
178 170 5 72 238 10 141 207
201 225 132 133 163 114 85 105
160 81 216 175 71 150 152 201
169 24 21 226 212 177 120 81
55 173 171 208 246 67 79 19
49 11 18 179 122 157 65 34
58 9 1 101 253 126 60 91
26 124 107 22 109 117 154 17
77 110 84 167 129 147 43 182
27 52 253 188 126 88 76 239
92 101 8 98 245 232 227 240
45 4 171 111 146 220 251 56
146 169 226 212 230 32 81 220
55 171 175 46 32 246 79 147
212 57 155 128 110 156 126 88
146 226 169 126 32 137 166 213
55 46 121 171 67 154 128 156
151 210 160 72 54 19 205 83
22 21 155 24 104 159 226 44
173 23 164 157 66 103 98 120
56 143 242 156 164 23 165 218
200 212 88 156 143 243 231 168
146 169 226 32 20 100 166 213
55 171 175 160 46 208 246 210
247 163 157 23 115 122 97 57
164 169 233 218 247 226 137 128
55 173 189 171 208 5 79 67
212 46 1 126 157 88 237 121
225 44 185 38 144 239 135 35
81 217 160 174 130 189 216 38
169 24 21 230 177 120 226 33
55 173 171 208 246 79 121 67
174 68 205 124 121 79 214 237
54 68 170 9 230 234 77 78
112 34 49 64 181 11 228 18
103 44 94 77 121 76 33 26
169 226 100 146 208 201 220 199
55 171 175 46 208 45 246 32
178 37 57 170 232 24 255 128
96 8 211 14 95 203 73 35
201 153 225 242 157 162 167 35
160 81 153 150 175 149 201 71
169 24 21 226 212 177 120 140
55 173 171 208 246 67 79 154
205 124 68 121 174 237 144 79
56 95 192 69 74 77 121 44
208 183 228 240 49 157 11 34
77 183 92 208 75 236 94 240
12 27 96 209 216 46 52 126
39 232 168 197 37 61 182 15
3 102 155 150 92 185 168 133
55 177 157 13 67 56 46 156
45 233 254 151 246 190 63 32
2 65 156 56 24 157 176 78
69 77 94 236 231 200 127 84
20 127 155 26 168 172 161 144
243 132 225 201 248 242 118 115
160 81 132 243 118 251 240 175
169 24 21 226 177 120 230 212
55 173 171 208 246 67 79 233
205 68 124 121 174 79 237 97
56 192 121 74 95 44 38 54
208 183 240 228 157 34 18 49
31 84 9 231 183 90 209 197
69 208 85 30 36 161 93 156
44 45 14 109 4 219 35 88
69 165 237 41 62 36 196 77
3 168 185 155 93 150 175 141
55 177 157 13 67 82 156 46
45 151 233 190 254 246 32 63
56 156 143 226 24 65 242 232
200 178 37 129 170 140 73 61
8 172 216 80 13 96 76 29
195 110 94 241 15 149 152 182
235 89 112 64 34 179 35 182
6 215 137 102 20 80 206 204
169 117 107 42 217 99 202 177
181 48 157 249 159 41 55 52
169 151 226 146 158 223 81 168
55 173 171 117 208 154 79 246
18 49 64 157 79 11 179 187
226 169 128 126 146 26 138 212
55 189 171 208 67 5 173 65
2 56 157 88 65 176 14 28
77 94 69 2 236 70 172 88
77 94 98 75 106 48 24 104
12 27 216 46 96 125 209 126
39 232 197 226 168 37 62 182
3 102 150 155 168 146 133 185
55 177 157 13 67 246 46 156
173 151 233 246 191 63 19 139
56 156 143 226 176 165 239 158
145 200 129 214 88 15 128 255
3 93 155 168 185 132 221 102
55 177 157 67 13 233 156 246
233 246 173 151 254 160 191 124
157 2 78 65 14 176 172 144
236 77 234 62 56 86 68 26
92 3 185 168 146 175 93 155
55 177 157 67 13 233 156 246
45 233 246 254 190 55 62 151
56 156 143 226 242 24 65 232
178 200 37 170 128 129 73 140
225 201 132 251 15 85 105 4
160 81 216 175 152 174 71 150
169 24 21 226 212 177 120 81
55 173 171 208 246 79 19 67
49 18 11 79 34 157 179 64
69 86 84 77 110 237 184 128
178 170 5 238 72 10 73 197
50 216 88 1 139 44 58 14
32 164 251 17 126 201 123 23
203 119 75 84 236 80 248 39
65 196 0 97 241 246 236 204
3 133 102 150 155 226 93 201
55 177 157 13 56 220 156 67
173 233 151 246 191 63 19 254
124 174 109 107 2 16 179 121
128 115 192 16 66 116 226 38
9 92 1 232 253 197 3 54
233 113 240 64 228 29 11 179
77 86 48 103 184 35 2 23
242 225 167 111 51 116 85 185
160 81 175 150 113 116 189 71
178 37 21 108 255 170 57 1
8 172 216 96 76 13 86 29
195 110 186 94 149 241 250 152
142 133 198 112 149 202 241 42
0 181 252 157 134 11 159 49
9 101 76 58 1 91 60 122
124 26 107 17 117 154 22 109
56 129 74 170 249 54 43 147
208 183 240 82 77 236 181 75
3 93 102 185 100 146 155 168
55 177 157 13 242 67 156 214
45 233 254 246 151 190 32 62
56 143 156 242 226 155 24 65
200 178 37 129 140 243 170 73
225 132 201 251 35 105 50 4
160 81 216 175 152 71 150 87
169 24 226 21 212 177 120 223
55 173 171 208 246 79 121 19
49 18 11 179 65 122 157 34
77 76 2 109 14 187 64 122
77 92 164 106 117 75 238 250
12 27 216 46 96 209 125 52
39 232 168 62 182 37 226 61
3 102 155 150 168 133 185 207
55 177 157 67 13 46 121 246
173 151 233 246 191 19 63 35
56 143 156 226 176 242 158 239
200 110 94 195 243 78 67 47
235 89 196 112 179 64 34 182
6 137 215 102 20 196 206 204
49 11 228 36 174 65 154 18
76 77 2 158 187 64 193 109
92 168 146 3 185 175 155 93
55 177 157 13 46 67 246 191
45 151 254 190 233 246 32 62
56 156 143 24 232 36 65 226
200 68 129 255 243 90 13 1
37 170 17 36 15 53 74 24
100 8 186 203 245 199 46 204
37 147 123 61 45 10 171 33
225 201 132 36 220 167 163 207
160 81 175 71 150 189 201 153
3 63 102 121 131 21 232 226
55 13 61 177 157 246 82 156
173 246 191 63 118 19 117 87
124 174 109 2 107 121 78 16
56 77 43 86 192 163 127 95
72 94 171 77 104 45 85 181
12 27 244 96 24 5 106 198
172 1 232 9 96 236 31 73
39 104 250 226 253 195 15 197
3 150 102 155 146 133 201 175
55 177 157 67 46 13 246 56
173 151 233 246 191 63 35 55
56 156 143 226 242 176 113 158
145 200 129 214 255 15 84 243
3 168 93 155 185 150 146 221
55 177 157 67 13 246 156 233
151 233 246 173 254 160 124 87
2 157 65 78 255 144 14 176
200 84 236 31 77 197 178 62
8 9 125 114 100 232 80 219
249 3 150 118 102 132 99 133
55 177 157 13 67 246 233 156
45 190 254 246 151 233 32 62
56 156 143 226 24 232 65 180
200 9 58 84 101 3 92 8
217 123 68 50 131 44 31 2
124 26 109 22 107 169 174 4
142 129 70 144 202 54 231 16
112 229 121 238 221 237 17 0
7 237 205 124 174 105 121 165
50 77 68 92 44 35 95 43
227 104 30 253 80 110 98 241
49 11 157 228 34 64 251 224
26 138 41 184 35 59 94 39
150 146 185 168 3 102 175 93
55 177 157 67 13 191 156 246
45 233 151 254 190 246 32 63
56 156 143 226 24 232 155 65
200 84 129 31 37 77 58 13
37 115 99 74 5 15 182 170
100 8 186 199 245 204 203 167
37 61 45 147 33 10 35 123
32 36 236 246 127 209 62 17
203 39 59 84 234 248 80 232
230 99 237 53 246 188 222 65
235 89 239 38 11 179 34 201
172 80 203 243 6 96 196 210
230 6 171 255 102 244 203 207
174 124 205 107 79 130 99 121
56 74 54 95 209 43 121 38
183 208 50 90 77 240 236 82
235 105 35 98 89 251 25 241
215 137 20 6 80 102 142 149
61 117 245 177 134 123 107 167
94 123 224 165 204 221 118 231
142 198 133 146 117 241 221 202
181 48 249 159 41 55 52 61
151 169 146 226 81 158 168 71
55 173 171 117 79 208 246 154
18 49 64 11 34 179 79 187
226 146 169 126 212 26 138 128
55 189 171 208 5 67 173 65
157 122 0 49 239 187 65 179
3 93 58 185 155 132 168 92
55 177 157 156 121 246 67 13
45 233 246 254 55 190 32 151
212 206 117 65 88 155 106 24
200 178 37 17 128 84 129 170
235 200 251 240 35 34 132 179
56 8 232 172 204 50 184 225
61 247 37 33 236 204 120 201
142 198 42 253 146 202 85 201
181 48 249 157 52 159 41 55
151 169 146 226 81 158 168 138
55 173 171 208 117 154 79 246
49 18 11 157 179 64 239 187
226 146 26 169 126 128 212 138
55 189 171 208 5 173 67 65
2 157 56 176 65 14 88 70
94 77 69 236 2 70 200 39
3 150 146 185 102 106 141 155
55 177 157 13 233 156 67 246
45 233 254 190 246 151 55 32
56 156 143 226 24 232 65 117
200 178 37 170 129 128 73 243
50 216 8 139 88 1 58 44
201 225 123 251 15 133 163 164
160 81 240 123 251 175 201 150
3 63 102 121 21 226 87 131
55 157 177 13 61 246 156 82
173 246 191 63 118 19 87 139
2 14 157 47 65 78 176 144
69 86 84 200 236 77 184 110
178 170 5 238 72 73 197 10
172 8 216 76 29 207 80 13
195 110 94 241 126 152 15 182
133 142 112 198 137 202 241 201
181 48 249 52 159 55 41 157
169 151 226 146 26 158 81 168
55 173 171 208 117 79 154 246
18 49 157 64 79 11 179 34
226 26 169 128 146 138 126 212
55 171 189 208 5 67 173 65
124 174 109 2 107 192 88 16
128 115 192 16 116 146 113 156
9 92 1 197 232 253 3 224
113 233 228 11 29 179 64 240
77 2 86 184 35 103 23 145
242 167 225 111 51 85 185 35
160 81 175 150 113 116 189 173
178 37 21 108 57 255 1 170
32 50 211 139 161 209 219 194
